0.000000 0.000000 0.000000
5.000000 0.000000 0.000000
0.000000 5.000000 0.000000

0.000000 0.000000 0.000000
10.000000 0.000000 0.000000
0.000000 15.000000 0.000000

20.000000 0.000000 10.000000
30.000000 0.000000 10.000000
20.000000 15.000000 10.000000

0.000000 0.000000 30.000000
20.000000 15.000000 10.000000
10.000000 0.000000 10.000000

20.000000 0.000000 10.000000
20.000000 30.000000 10.000000
0.000000 0.000000 10.000000

40.000000 0.000000 10.000000
50.000000 0.000000 10.000000
40.000000 15.000000 10.000000

40.000000 0.000000 10.000000
40.000000 0.000000 20.000000
40.000000 15.000000 10.000000

40.000000 0.000000 10.000000
40.000000 0.000000 20.000000
40.000000 15.000000 50.000000

0.000000 0.000000 0.000000
4.977175 0.431301 -0.204238
-0.844341 9.954349 0.444996

0.000000 0.000000 0.000000
8.167810 3.995912 -4.161678
-1.152330 4.436249 1.997956

0.000000 0.000000 0.000000
7.205440 3.509888 -5.980160
-2.373908 13.843630 5.264832

0.000000 0.000000 0.000000
2.511286 -3.963234 1.728068
2.768651 3.009028 2.877554

