-9.912279 -4.901972 -74.180303
-4.956140 -4.945546 -74.839684
-9.912279 0.087146 -74.509993

-9.912279 -4.901972 -74.180303
-0.000000 -4.989119 -75.499064
-9.912279 10.065383 -75.169374

11.233916 -4.422668 -66.927118
21.146195 -4.509815 -68.245879
11.233916 10.544687 -67.916189

-5.947367 -2.941183 -44.508182
11.233916 10.544687 -67.916189
1.321637 -4.335522 -65.608357

11.233916 -4.422668 -66.927118
11.233916 25.512043 -68.905259
-8.590642 -4.248376 -64.289596

31.058474 -4.596961 -69.564640
40.970753 -4.684107 -70.883401
31.058474 10.370395 -70.553711

31.058474 -4.596961 -69.564640
32.380111 -3.943364 -59.673933
31.058474 10.370395 -70.553711

31.058474 -4.596961 -69.564640
32.380111 -3.943364 -59.673933
36.345023 12.984780 -30.990882

-9.912279 -4.901972 -74.180303
-5.005757 -4.528333 -75.067119
-10.690401 5.067156 -74.285193

-9.912279 -4.901972 -74.180303
-2.366141 -1.257942 -79.637119
-10.790443 -0.334750 -72.344736

-9.912279 -4.901972 -74.180303
-3.560406 -1.853377 -81.276765
-11.569543 9.276325 -69.572772

-9.912279 -4.901972 -74.180303
-7.194634 -8.765520 -72.540972
-6.787607 -1.735545 -71.897727

