-0.159247 -0.078753 0.979062
-0.078922 -0.078753 0.979545
-0.158542 0.001394 0.979304

-0.159247 -0.078753 0.979062
0.000000 -0.078753 0.980020
-0.157152 0.159579 0.979783

0.200039 -0.078753 0.973119
0.369269 -0.078753 0.974293
0.197126 0.185032 0.974004

-0.159247 -0.078753 0.942504
0.197126 0.185032 0.974004
0.024007 -0.078753 0.971897

0.200039 -0.078753 0.973119
0.194297 0.441245 0.974864
-0.159247 -0.078753 0.970625

0.532081 -0.078753 0.975423
0.688836 -0.078753 0.976511
0.524622 0.175171 0.976243

0.532081 -0.078753 0.975423
0.646666 -0.078753 0.965731
0.524622 0.175171 0.976243

0.532081 -0.078753 0.975423
0.646666 -0.078753 0.965731
1.397647 0.499329 0.902640

-0.159247 -0.078753 0.979062
-0.079471 -0.071891 0.979710
-0.171506 0.081292 0.979139

-0.159247 -0.078753 0.979062
-0.035409 -0.018825 0.982819
-0.177754 -0.005514 0.977670

-0.159247 -0.078753 0.979062
-0.052206 -0.027176 0.983850
-0.198182 0.158900 0.975430

-0.159247 -0.078753 0.979062
-0.118198 -0.144006 0.977822
-0.112509 -0.028768 0.977321

