











































































































































0.974851	0.974879	
0.974809	0.974837	0.974865	
0.974796	0.974823	0.974851	
0.974754	0.974782	0.974810	0.974837	
0.974713	0.974740	0.974768	0.974796	0.974824	
0.974699	0.974727	0.974754	0.974782	0.974810	
0.974657	0.974685	0.974713	0.974741	0.974768	0.974796	
0.974616	0.974644	0.974671	0.974699	0.974727	0.974755	0.974782	
0.974602	0.974630	0.974658	0.974685	0.974713	0.974741	0.974769	
0.974561	0.974588	0.974616	0.974644	0.974672	0.974699	0.974727	0.974755	
0.974519	0.974547	0.974575	0.974602	0.974630	0.974658	0.974686	0.974714	0.974741	
0.974505	0.974533	0.974561	0.974589	0.974616	0.974644	0.974672	0.974700	0.974728	
0.974464	0.974492	0.974519	0.974547	0.974575	0.974603	0.974631	0.974658	0.974686	0.974714	
0.974422	0.974450	0.974478	0.974506	0.974533	0.974561	0.974589	0.974617	0.974645	0.974672	0.974700	
0.974409	0.974436	0.974464	0.974492	0.974520	0.974548	0.974575	0.974603	0.974631	0.974659	0.974686	
0.974367	0.974395	0.974423	0.974450	0.974478	0.974506	0.974534	0.974562	0.974589	0.974617	0.974645	0.974673	
0.974326	0.974353	0.974381	0.974409	0.974437	0.974465	0.974492	0.974520	0.974548	0.974576	0.974603	0.974631	0.974659	
0.974284	0.974312	0.974340	0.974367	0.974395	0.974423	0.974451	0.974479	0.974506	0.974534	0.974562	0.974590	0.974617	0.974645	
0.974270	0.974298	0.974326	0.974354	0.974382	0.974409	0.974437	0.974465	0.974493	0.974520	0.974548	0.974576	0.974604	0.974631	
0.974229	0.974257	0.974285	0.974312	0.974340	0.974368	0.974396	0.974423	0.974451	0.974479	0.974507	0.974534	0.974562	0.974590	0.974618	
0.974187	0.974215	0.974243	0.974271	0.974299	0.974326	0.974354	0.974382	0.974410	0.974437	0.974465	0.974493	0.974521	0.974548	0.974576	0.974604	
0.974174	0.974202	0.974229	0.974257	0.974285	0.974313	0.974340	0.974368	0.974396	0.974424	0.974451	0.974479	0.974507	0.974535	0.974562	0.974590	
0.974132	0.974160	0.974188	0.974216	0.974243	0.974271	0.974299	0.974327	0.974354	0.974382	0.974410	0.974438	0.974465	0.974493	0.974521	0.974549	0.974577	
0.974091	0.974119	0.974146	0.974174	0.974202	0.974230	0.974257	0.974285	0.974313	0.974341	0.974368	0.974396	0.974424	0.974452	0.974479	0.974507	0.974535	0.974563	
0.974077	0.974105	0.974133	0.974160	0.974188	0.974216	0.974244	0.974271	0.974299	0.974327	0.974355	0.974382	0.974410	0.974438	0.974466	0.974494	0.974521	0.974549	
0.974036	0.974063	0.974091	0.974119	0.974147	0.974174	0.974202	0.974230	0.974258	0.974285	0.974313	0.974341	0.974369	0.974396	0.974424	0.974452	0.974480	0.974508	0.974535	
0.973994	0.974022	0.974050	0.974077	0.974105	0.974133	0.974161	0.974188	0.974216	0.974244	0.974272	0.974299	0.974327	0.974355	0.974383	0.974411	0.974438	0.974466	0.974494	0.974522	
0.973980	0.974008	0.974036	0.974064	0.974091	0.974119	0.974147	0.974175	0.974202	0.974230	0.974258	0.974286	0.974314	0.974341	0.974369	0.974397	0.974425	0.974452	0.974480	0.974508	
0.973939	0.973967	0.973994	0.974022	0.974050	0.974078	0.974105	0.974133	0.974161	0.974189	0.974216	0.974244	0.974272	0.974300	0.974328	0.974355	0.974383	0.974411	0.974439	0.974466	0.974494	
0.973897	0.973925	0.973953	0.973981	0.974008	0.974036	0.974064	0.974092	0.974119	0.974147	0.974175	0.974203	0.974231	0.974258	0.974286	0.974314	0.974342	0.974369	0.974397	0.974425	0.974453	0.974480	
0.973884	0.973911	0.973939	0.973967	0.973995	0.974022	0.974050	0.974078	0.974106	0.974133	0.974161	0.974189	0.974217	0.974245	0.974272	0.974300	0.974328	0.974356	0.974383	0.974411	0.974439	0.974467	
0.973842	0.973870	0.973898	0.973925	0.973953	0.973981	0.974009	0.974036	0.974064	0.974092	0.974120	0.974148	0.974175	0.974203	0.974231	0.974259	0.974286	0.974314	0.974342	0.974370	0.974397	0.974425	0.974453	
0.973801	0.973828	0.973856	0.973884	0.973912	0.973939	0.973967	0.973995	0.974023	0.974050	0.974078	0.974106	0.974134	0.974162	0.974189	0.974217	0.974245	0.974273	0.974300	0.974328	0.974356	0.974384	0.974411	0.974439	
0.973787	0.973815	0.973842	0.973870	0.973898	0.973926	0.973953	0.973981	0.974009	0.974037	0.974065	0.974092	0.974120	0.974148	0.974176	0.974203	0.974231	0.974259	0.974287	0.974314	0.974342	0.974370	0.974398	0.974425	
0.973745	0.973773	0.973801	0.973829	0.973856	0.973884	0.973912	0.973940	0.973967	0.973995	0.974023	0.974051	0.974079	0.974106	0.974134	0.974162	0.974190	0.974217	0.974245	0.974273	0.974301	0.974328	0.974356	0.974384	0.974412	
0.973704	0.973732	0.973759	0.973787	0.973815	0.973843	0.973870	0.973898	0.973926	0.973954	0.973982	0.974009	0.974037	0.974065	0.974093	0.974120	0.974148	0.974176	0.974204	0.974231	0.974259	0.974287	0.974315	0.974342	0.974370	0.974398	
0.973690	0.973718	0.973746	0.973773	0.973801	0.973829	0.973857	0.973885	0.973912	0.973940	0.973968	0.973996	0.974023	0.974051	0.974079	0.974107	0.974134	0.974162	0.974190	0.974218	0.974245	0.974273	0.974301	0.974329	0.974357	0.974384	
0.973649	0.973676	0.973704	0.973732	0.973760	0.973787	0.973815	0.973843	0.973871	0.973899	0.973926	0.973954	0.973982	0.974010	0.974037	0.974065	0.974093	0.974121	0.974148	0.974176	0.974204	0.974232	0.974260	0.974287	0.974315	0.974343	0.974371	
0.973607	0.973635	0.973663	0.973690	0.973718	0.973746	0.973774	0.973802	0.973829	0.973857	0.973885	0.973913	0.973940	0.973968	0.973996	0.974024	0.974051	0.974079	0.974107	0.974135	0.974162	0.974190	0.974218	0.974246	0.974274	0.974301	0.974329	0.974357	
0.973593	0.973621	0.973649	0.973677	0.973704	0.973732	0.973760	0.973788	0.973816	0.973843	0.973871	0.973899	0.973927	0.973954	0.973982	0.974010	0.974038	0.974065	0.974093	0.974121	0.974149	0.974177	0.974204	0.974232	0.974260	0.974288	0.974315	0.974343	
0.973552	0.973580	0.973607	0.973635	0.973663	0.973691	0.973719	0.973746	0.973774	0.973802	0.973830	0.973857	0.973885	0.973913	0.973941	0.973968	0.973996	0.974024	0.974052	0.974079	0.974107	0.974135	0.974163	0.974191	0.974218	0.974246	0.974274	0.974302	0.974329	
0.973510	0.973538	0.973566	0.973594	0.973621	0.973649	0.973677	0.973705	0.973733	0.973760	0.973788	0.973816	0.973844	0.973871	0.973899	0.973927	0.973955	0.973982	0.974010	0.974038	0.974066	0.974094	0.974121	0.974149	0.974177	0.974205	0.974232	0.974260	0.974288	0.974316	
0.973469	0.973497	0.973524	0.973552	0.973580	0.973608	0.973636	0.973663	0.973691	0.973719	0.973747	0.973774	0.973802	0.973830	0.973858	0.973885	0.973913	0.973941	0.973969	0.973996	0.974024	0.974052	0.974080	0.974108	0.974135	0.974163	0.974191	0.974219	0.974246	0.974274	0.974302	
0.973455	0.973483	0.973511	0.973539	0.973566	0.973594	0.973622	0.973650	0.973677	0.973705	0.973733	0.973761	0.973788	0.973816	0.973844	0.973872	0.973899	0.973927	0.973955	0.973983	0.974011	0.974038	0.974066	0.974094	0.974122	0.974149	0.974177	0.974205	0.974233	0.974260	0.974288	
0.973414	0.973441	0.973469	0.973497	0.973525	0.973553	0.973580	0.973608	0.973636	0.973664	0.973691	0.973719	0.973747	0.973775	0.973802	0.973830	0.973858	0.973886	0.973913	0.973941	0.973969	0.973997	0.974025	0.974052	0.974080	0.974108	0.974136	0.974163	0.974191	0.974219	0.974247	0.974274	
0.973372	0.973400	0.973428	0.973456	0.973483	0.973511	0.973539	0.973567	0.973594	0.973622	0.973650	0.973678	0.973705	0.973733	0.973761	0.973789	0.973816	0.973844	0.973872	0.973900	0.973928	0.973955	0.973983	0.974011	0.974039	0.974066	0.974094	0.974122	0.974150	0.974177	0.974205	0.974233	0.974261	
0.973358	0.973386	0.973414	0.973442	0.973470	0.973497	0.973525	0.973553	0.973581	0.973608	0.973636	0.973664	0.973692	0.973719	0.973747	0.973775	0.973803	0.973831	0.973858	0.973886	0.973914	0.973942	0.973969	0.973997	0.974025	0.974053	0.974080	0.974108	0.974136	0.974164	0.974191	0.974219	0.974247	
0.973317	0.973345	0.973373	0.973400	0.973428	0.973456	0.973484	0.973511	0.973539	0.973567	0.973595	0.973622	0.973650	0.973678	0.973706	0.973733	0.973761	0.973789	0.973817	0.973845	0.973872	0.973900	0.973928	0.973956	0.973983	0.974011	0.974039	0.974067	0.974094	0.974122	0.974150	0.974178	0.974206	0.974233	
0.973275	0.973303	0.973331	0.973359	0.973387	0.973414	0.973442	0.973470	0.973498	0.973525	0.973553	0.973581	0.973609	0.973636	0.973664	0.973692	0.973720	0.973748	0.973775	0.973803	0.973831	0.973859	0.973886	0.973914	0.973942	0.973970	0.973997	0.974025	0.974053	0.974081	0.974108	0.974136	0.974164	0.974192	0.974220	
0.973262	0.973290	0.973317	0.973345	0.973373	0.973401	0.973428	0.973456	0.973484	0.973512	0.973539	0.973567	0.973595	0.973623	0.973650	0.973678	0.973706	0.973734	0.973762	0.973789	0.973817	0.973845	0.973873	0.973900	0.973928	0.973956	0.973984	0.974011	0.974039	0.974067	0.974095	0.974123	0.974150	0.974178	0.974206	
0.973220	0.973248	0.973276	0.973304	0.973331	0.973359	0.973387	0.973415	0.973442	0.973470	0.973498	0.973526	0.973553	0.973581	0.973609	0.973637	0.973665	0.973692	0.973720	0.973748	0.973776	0.973803	0.973831	0.973859	0.973887	0.973914	0.973942	0.973970	0.973998	0.974025	0.974053	0.974081	0.974109	0.974137	0.974164	0.974192	
0.973179	0.973207	0.973234	0.973262	0.973290	0.973318	0.973345	0.973373	0.973401	0.973429	0.973456	0.973484	0.973512	0.973540	0.973567	0.973595	0.973623	0.973651	0.973679	0.973706	0.973734	0.973762	0.973790	0.973817	0.973845	0.973873	0.973901	0.973928	0.973956	0.973984	0.974012	0.974040	0.974067	0.974095	0.974123	0.974151	0.974178	
0.973165	0.973193	0.973221	0.973248	0.973276	0.973304	0.973332	0.973359	0.973387	0.973415	0.973443	0.973470	0.973498	0.973526	0.973554	0.973582	0.973609	0.973637	0.973665	0.973693	0.973720	0.973748	0.973776	0.973804	0.973831	0.973859	0.973887	0.973915	0.973942	0.973970	0.973998	0.974026	0.974054	0.974081	0.974109	0.974137	0.974165	0.936243	
0.973124	0.973151	0.973179	0.973207	0.973235	0.973262	0.973290	0.973318	0.973346	0.973373	0.973401	0.973429	0.973457	0.973485	0.973512	0.973540	0.973568	0.973596	0.973623	0.973651	0.973679	0.973707	0.973734	0.973762	0.973790	0.973818	0.973845	0.973873	0.973901	0.973929	0.973957	0.973984	0.974012	0.974040	0.974068	0.974095	0.974123	0.974151	0.936917	0.936579	0.936240	
0.973082	0.973110	0.973138	0.973165	0.973193	0.973221	0.973249	0.973276	0.973304	0.973332	0.973360	0.973387	0.973415	0.973443	0.973471	0.973499	0.973526	0.973554	0.973582	0.973610	0.973637	0.973665	0.973693	0.973721	0.973748	0.973776	0.973804	0.973832	0.973859	0.973887	0.973915	0.973943	0.973971	0.973998	0.974026	0.974054	0.974082	0.974109	0.974137	0.937252	0.936914	0.936576	0.936237	
0.973068	0.973096	0.973124	0.973152	0.973179	0.973207	0.973235	0.973263	0.973290	0.973318	0.973346	0.973374	0.973402	0.973429	0.973457	0.973485	0.973513	0.973540	0.973568	0.973596	0.973624	0.973651	0.973679	0.973707	0.973735	0.973762	0.973790	0.973818	0.973846	0.973874	0.973901	0.973929	0.973957	0.973985	0.974012	0.974040	0.974068	0.974096	0.974123	0.937926	0.937588	0.937249	0.936911	0.936573	0.936234	
0.973027	0.973055	0.973082	0.973110	0.973138	0.973166	0.973193	0.973221	0.973249	0.973277	0.973304	0.973332	0.973360	0.973388	0.973416	0.973443	0.973471	0.973499	0.973527	0.973554	0.973582	0.973610	0.973638	0.973665	0.973693	0.973721	0.973749	0.973777	0.973804	0.973832	0.973860	0.973888	0.973915	0.973943	0.973971	0.973999	0.974026	0.974054	0.974082	0.974110	0.938262	0.937923	0.937585	0.937247	0.936908	0.936570	0.936231	
0.972985	0.973013	0.973041	0.973069	0.973096	0.973124	0.973152	0.973180	0.973207	0.973235	0.973263	0.973291	0.973319	0.973346	0.973374	0.973402	0.973430	0.973457	0.973485	0.973513	0.973541	0.973568	0.973596	0.973624	0.973652	0.973679	0.973707	0.973735	0.973763	0.973791	0.973818	0.973846	0.973874	0.973902	0.973929	0.973957	0.973985	0.974013	0.974040	0.974068	0.974096	0.938935	0.938597	0.938259	0.937920	0.937582	0.937244	0.936905	0.936567	0.936229	
0.972972	0.972999	0.973027	0.973055	0.973083	0.973110	0.973138	0.973166	0.973194	0.973221	0.973249	0.973277	0.973305	0.973333	0.973360	0.973388	0.973416	0.973444	0.973471	0.973499	0.973527	0.973555	0.973582	0.973610	0.973638	0.973666	0.973694	0.973721	0.973749	0.973777	0.973805	0.973832	0.973860	0.973888	0.973916	0.973943	0.973971	0.973999	0.974027	0.974054	0.974082	0.939271	0.938932	0.938594	0.938256	0.937917	0.937579	0.937241	0.936902	0.936564	0.936226	
0.972930	0.972958	0.972986	0.973013	0.973041	0.973069	0.973097	0.973124	0.973152	0.973180	0.973208	0.973236	0.973263	0.973291	0.973319	0.973347	0.973374	0.973402	0.973430	0.973458	0.973485	0.973513	0.973541	0.973569	0.973596	0.973624	0.973652	0.973680	0.973708	0.973735	0.973763	0.973791	0.973819	0.973846	0.973874	0.973902	0.973930	0.973957	0.973985	0.974013	0.974041	0.974069	0.939944	0.939606	0.939268	0.938929	0.938591	0.938253	0.937914	0.937576	0.937238	0.936899	0.936561	0.936223	
0.972889	0.972916	0.972944	0.972972	0.973000	0.973027	0.973055	0.973083	0.973111	0.973138	0.973166	0.973194	0.973222	0.973250	0.973277	0.973305	0.973333	0.973361	0.973388	0.973416	0.973444	0.973472	0.973499	0.973527	0.973555	0.973583	0.973611	0.973638	0.973666	0.973694	0.973722	0.973749	0.973777	0.973805	0.973833	0.973860	0.973888	0.973916	0.973944	0.973971	0.973999	0.974027	0.974055	0.940280	0.939941	0.939603	0.939265	0.938926	0.938588	0.938250	0.937911	0.937573	0.937235	0.936896	0.936558	0.936220	
0.972875	0.972903	0.972930	0.972958	0.972986	0.973014	0.973041	0.973069	0.973097	0.973125	0.973153	0.973180	0.973208	0.973236	0.973264	0.973291	0.973319	0.973347	0.973375	0.973402	0.973430	0.973458	0.973486	0.973513	0.973541	0.973569	0.973597	0.973625	0.973652	0.973680	0.973708	0.973736	0.973763	0.973791	0.973819	0.973847	0.973874	0.973902	0.973930	0.973958	0.973986	0.974013	0.974041	0.940953	0.940615	0.940277	0.939938	0.939600	0.939262	0.938923	0.938585	0.938247	0.937908	0.937570	0.937232	0.936893	0.936555	0.936217	
0.972833	0.972861	0.972889	0.972917	0.972944	0.972972	0.973000	0.973028	0.973056	0.973083	0.973111	0.973139	0.973167	0.973194	0.973222	0.973250	0.973278	0.973305	0.973333	0.973361	0.973389	0.973416	0.973444	0.973472	0.973500	0.973528	0.973555	0.973583	0.973611	0.973639	0.973666	0.973694	0.973722	0.973750	0.973777	0.973805	0.973833	0.973861	0.973888	0.973916	0.973944	0.973972	0.974000	0.974027	0.941289	0.940950	0.940612	0.940274	0.939935	0.939597	0.939259	0.938920	0.938582	0.938244	0.937905	0.937567	0.937229	0.936890	0.936552	0.936214	
0.972792	0.972820	0.972847	0.972875	0.972903	0.972931	0.972958	0.972986	0.973014	0.973042	0.973070	0.973097	0.973125	0.973153	0.973181	0.973208	0.973236	0.973264	0.973292	0.973319	0.973347	0.973375	0.973403	0.973431	0.973458	0.973486	0.973514	0.973542	0.973569	0.973597	0.973625	0.973653	0.973680	0.973708	0.973736	0.973764	0.973791	0.973819	0.973847	0.973875	0.973903	0.973930	0.973958	0.973986	0.974014	0.941962	0.941624	0.941286	0.940947	0.940609	0.940271	0.939932	0.939594	0.939256	0.938917	0.938579	0.938241	0.937902	0.937564	0.937226	0.936887	0.936549	
0.972778	0.972806	0.972834	0.972861	0.972889	0.972917	0.972945	0.972973	0.973000	0.973028	0.973056	0.973084	0.973111	0.973139	0.973167	0.973195	0.973222	0.973250	0.973278	0.973306	0.973333	0.973361	0.973389	0.973417	0.973445	0.973472	0.973500	0.973528	0.973556	0.973583	0.973611	0.973639	0.973667	0.973694	0.973722	0.973750	0.973778	0.973806	0.973833	0.973861	0.973889	0.973917	0.973944	0.973798	0.974000	0.974027	0.942298	0.941959	0.941621	0.941283	0.940944	0.940606	0.940268	0.939929	0.939591	0.939253	0.938914	0.938576	0.938238	0.937899	0.937561	0.937223	
0.972737	0.972764	0.972792	0.972820	0.972848	0.972875	0.972903	0.972931	0.972959	0.972987	0.973014	0.973042	0.973070	0.973098	0.973125	0.973153	0.973181	0.973209	0.973236	0.973264	0.973292	0.973320	0.973348	0.973375	0.973403	0.973431	0.973459	0.973486	0.973514	0.973542	0.973570	0.973597	0.973625	0.973653	0.973681	0.973708	0.973736	0.973764	0.973792	0.973820	0.973847	0.973875	0.973903	0.973545	0.973958	0.973986	0.974014	0.942971	0.942633	0.942295	0.941956	0.941618	0.941280	0.940941	0.940603	0.940265	0.939926	0.939588	0.939250	0.938911	0.938573	0.938235	0.937896	0.937558	
0.972695	0.972723	0.972751	0.972778	0.972806	0.972834	0.972862	0.972890	0.972917	0.972945	0.972973	0.973001	0.973028	0.973056	0.973084	0.973112	0.973139	0.973167	0.973195	0.973223	0.973250	0.973278	0.973306	0.973334	0.973362	0.973389	0.973417	0.973445	0.973473	0.973500	0.973528	0.973556	0.973584	0.973611	0.973639	0.973667	0.973695	0.973723	0.973750	0.973778	0.973806	0.973834	0.973861	0.973293	0.973917	0.973945	0.973972	0.974000	0.974028	0.976126	0.943307	0.942968	0.942630	0.942292	0.941953	0.941615	0.941277	0.940938	0.940600	0.940262	0.939923	0.939585	0.939247	0.938908	0.938570	0.938232	0.937893	
0.972654	0.972681	0.972709	0.972737	0.972765	0.972792	0.972820	0.972848	0.972876	0.972904	0.972931	0.972959	0.972987	0.973015	0.973042	0.973070	0.973098	0.973126	0.973153	0.973181	0.973209	0.973237	0.973265	0.973292	0.973320	0.973348	0.973376	0.973403	0.973431	0.973459	0.973487	0.973514	0.973542	0.973570	0.973598	0.973625	0.973653	0.973681	0.973709	0.973737	0.973764	0.973792	0.972399	0.973040	0.973682	0.973903	0.973931	0.973958	0.973986	0.974014	0.974042	0.976123	0.975784	0.943980	0.943642	0.943304	0.942965	0.942627	0.942289	0.941950	0.941612	0.941274	0.940935	0.940597	0.940259	0.939920	0.939582	0.939244	0.938905	0.938567	
0.972640	0.972668	0.972695	0.972723	0.972751	0.972779	0.972807	0.972834	0.972862	0.972890	0.972918	0.972945	0.972973	0.973001	0.973029	0.973056	0.973084	0.973112	0.973140	0.973167	0.973195	0.973223	0.973251	0.973279	0.973306	0.973334	0.973362	0.973390	0.973417	0.973445	0.973473	0.973501	0.973528	0.973556	0.973584	0.973612	0.973640	0.973667	0.973695	0.973723	0.973751	0.972146	0.972788	0.973429	0.973862	0.973889	0.973917	0.973945	0.973973	0.974000	0.974028	0.976120	0.975781	0.976277	0.944316	0.943978	0.943639	0.943301	0.942963	0.942624	0.942286	0.941948	0.941609	0.941271	0.940933	0.940594	0.940256	0.939918	0.939579	0.939241	0.938903	
0.972598	0.972626	0.972654	0.972682	0.972710	0.972737	0.972765	0.972793	0.972821	0.972848	0.972876	0.972904	0.972932	0.972959	0.972987	0.973015	0.973043	0.973070	0.973098	0.973126	0.973154	0.973182	0.973209	0.973237	0.973265	0.973293	0.973320	0.973348	0.973376	0.973404	0.973431	0.973459	0.973487	0.973515	0.973542	0.973570	0.973598	0.973626	0.973654	0.973681	0.973709	0.971894	0.972535	0.973177	0.973818	0.973848	0.973876	0.973903	0.973931	0.973959	0.973987	0.974014	0.974042	0.976117	0.975778	0.975440	0.944990	0.944651	0.944313	0.943975	0.943636	0.943298	0.942960	0.942621	0.942283	0.941945	0.941606	0.941268	0.940930	0.940591	0.940253	0.939915	0.939576	0.939238	
0.975445	0.975639	0.979797	0.972557	0.972585	0.972612	0.972640	0.972668	0.972696	0.972724	0.972751	0.972779	0.972807	0.972835	0.972862	0.972890	0.972918	0.972946	0.972973	0.973001	0.973029	0.973057	0.973084	0.973112	0.973140	0.973168	0.973196	0.973223	0.973251	0.973279	0.973307	0.973334	0.973362	0.973390	0.973418	0.973445	0.973473	0.973501	0.973529	0.973557	0.973584	0.973612	0.973640	0.971000	0.971641	0.972283	0.972924	0.973566	0.973806	0.973834	0.973862	0.973890	0.973917	0.973945	0.973973	0.974001	0.974028	0.974056	0.976114	0.975775	0.975437	0.976277	0.945325	0.944987	0.944648	0.944310	0.943972	0.943633	0.943295	0.942957	0.942618	0.942280	0.941942	0.941603	0.941265	0.940927	0.940588	0.940250	0.939912	0.939573	
0.975668	0.979785	0.979809	0.972543	0.972571	0.972599	0.972627	0.972654	0.972682	0.972710	0.972738	0.972765	0.972793	0.972821	0.972849	0.972876	0.972904	0.972932	0.972960	0.972987	0.973015	0.973043	0.973071	0.973099	0.973126	0.973154	0.973182	0.973210	0.973237	0.973265	0.973293	0.973321	0.973348	0.973376	0.973404	0.973432	0.973459	0.973487	0.973515	0.973543	0.973571	0.973598	0.970747	0.971389	0.972030	0.972672	0.973313	0.973765	0.973793	0.973820	0.973848	0.973876	0.973904	0.973931	0.973959	0.973987	0.974015	0.974042	0.976111	0.975772	0.975434	0.975096	0.976291	0.945999	0.945660	0.945322	0.944984	0.944645	0.944307	0.943969	0.943630	0.943292	0.942954	0.942615	0.942277	0.941939	0.941600	0.941262	0.940924	0.940585	0.940247	
0.975698	0.975891	0.979773	0.979798	0.972502	0.972529	0.972557	0.972585	0.972613	0.972641	0.972668	0.972696	0.972724	0.972752	0.972779	0.972807	0.972835	0.972863	0.972890	0.972918	0.972946	0.972974	0.973002	0.973029	0.973057	0.973085	0.973113	0.973140	0.973168	0.973196	0.973224	0.973251	0.973279	0.973307	0.973335	0.973362	0.973390	0.973418	0.973446	0.973474	0.973501	0.973529	0.969853	0.970495	0.971136	0.971778	0.972419	0.973061	0.973703	0.973751	0.973779	0.973807	0.973834	0.973862	0.973890	0.973918	0.973945	0.973973	0.974001	0.974029	0.974056	0.976108	0.975769	0.975431	0.975093	0.976277	0.946334	0.945996	0.945657	0.945319	0.944981	0.944642	0.944304	0.943966	0.943627	0.943289	0.942951	0.942612	0.942274	0.941936	0.941597	0.941259	0.940921	0.940582	
0.975727	0.975920	0.976113	0.979762	0.979786	0.979810	0.972460	0.972488	0.972516	0.972544	0.972571	0.972599	0.972627	0.972655	0.972682	0.972710	0.972738	0.972766	0.972793	0.972821	0.972849	0.972877	0.972904	0.972932	0.972960	0.972988	0.973016	0.973043	0.973071	0.973099	0.973127	0.973154	0.973182	0.973210	0.973238	0.973265	0.973293	0.973321	0.973349	0.973377	0.973404	0.973432	0.973460	0.973488	0.969601	0.970242	0.970884	0.971525	0.972167	0.972808	0.973450	0.973710	0.973737	0.973765	0.973793	0.973821	0.973849	0.973876	0.973904	0.973932	0.973959	0.973987	0.974015	0.974043	0.974070	0.976105	0.975766	0.975428	0.975090	0.974751	0.976291	0.947008	0.946669	0.946331	0.945993	0.945654	0.945316	0.944978	0.944639	0.944301	0.943963	0.943624	0.943286	0.942948	0.942609	0.942271	0.941933	0.941594	0.941256	0.940918	
0.975757	0.975950	0.976143	0.976336	0.979750	0.979774	0.979798	0.979822	0.972446	0.972474	0.972502	0.972530	0.972558	0.972585	0.972613	0.972641	0.972669	0.972696	0.972724	0.972752	0.972780	0.972807	0.972835	0.972863	0.972891	0.972919	0.972946	0.972974	0.973002	0.973030	0.973057	0.973085	0.973113	0.973141	0.973168	0.973196	0.973224	0.973252	0.973279	0.973307	0.973335	0.973363	0.973391	0.973418	0.973446	0.969348	0.969990	0.970631	0.971273	0.971914	0.972556	0.973198	0.973668	0.973696	0.973724	0.973752	0.973779	0.973807	0.973835	0.973862	0.973890	0.973918	0.973946	0.973973	0.974001	0.974029	0.974057	0.976102	0.975763	0.975425	0.975087	0.974748	0.976277	0.976305	0.947343	0.947005	0.946666	0.946328	0.945990	0.945651	0.945313	0.944975	0.944636	0.944298	0.943960	0.943621	0.943283	0.942945	0.942606	0.942268	0.941930	0.941591	
0.975786	0.975979	0.976172	0.976365	0.976559	0.979738	0.979762	0.979786	0.979810	0.972405	0.972433	0.972461	0.972488	0.972516	0.972544	0.972572	0.972599	0.972627	0.972655	0.972683	0.972710	0.972738	0.972766	0.972794	0.972821	0.972849	0.972877	0.972905	0.972933	0.972960	0.972988	0.973016	0.973044	0.973071	0.973099	0.973127	0.973155	0.973182	0.973210	0.973238	0.973266	0.973294	0.973321	0.973349	0.973377	0.968454	0.969096	0.969737	0.970379	0.971020	0.971662	0.972304	0.972945	0.973587	0.973654	0.973682	0.973710	0.973738	0.973766	0.973793	0.973821	0.973849	0.973876	0.973904	0.973932	0.973960	0.973987	0.974015	0.974043	0.974071	0.976099	0.975760	0.975422	0.975084	0.974745	0.974407	0.976292	0.948017	0.947678	0.947340	0.947002	0.946663	0.946325	0.945987	0.945648	0.945310	0.944972	0.944633	0.944295	0.943957	0.943618	0.943280	0.942942	0.942603	0.942265	0.941927	
0.975815	0.976009	0.976202	0.976395	0.976588	0.979726	0.979750	0.979774	0.979798	0.979822	0.972363	0.972391	0.972419	0.972447	0.972475	0.972502	0.972530	0.972558	0.972586	0.972613	0.972641	0.972669	0.972697	0.972724	0.972752	0.972780	0.972808	0.972836	0.972863	0.972891	0.972919	0.972947	0.972974	0.973002	0.973030	0.973058	0.973085	0.973113	0.973141	0.973169	0.973196	0.973224	0.973252	0.973280	0.973308	0.973335	0.968202	0.968843	0.969485	0.970126	0.970768	0.971410	0.972051	0.972693	0.973334	0.973613	0.973641	0.973669	0.973696	0.973724	0.973752	0.973780	0.973807	0.973835	0.973863	0.973890	0.973918	0.973946	0.973974	0.974001	0.974029	0.974057	0.974085	0.976096	0.975757	0.975419	0.975081	0.974742	0.974404	0.976278	0.976306	0.948352	0.948014	0.947675	0.947337	0.946999	0.946660	0.946322	0.945984	0.945645	0.945307	0.944969	0.944630	0.944292	0.943954	0.943615	0.943277	0.942939	0.942600	0.942262	
0.976038	0.976231	0.976424	0.976618	0.976811	0.979714	0.979738	0.979762	0.979786	0.979810	0.979834	0.972350	0.972378	0.972405	0.972433	0.972461	0.972489	0.972516	0.972544	0.972572	0.972600	0.972627	0.972655	0.972683	0.972711	0.972738	0.972766	0.972794	0.972822	0.972850	0.972877	0.972905	0.972933	0.972961	0.972988	0.973016	0.973044	0.973072	0.973099	0.973127	0.973155	0.973183	0.973211	0.973238	0.973266	0.973294	0.967949	0.968591	0.969232	0.969874	0.970515	0.971157	0.971799	0.972440	0.973082	0.973571	0.973599	0.973627	0.973655	0.973683	0.973710	0.973738	0.973766	0.973794	0.973821	0.973849	0.973877	0.973904	0.973932	0.973960	0.973988	0.974015	0.974043	0.974071	0.976093	0.975754	0.975416	0.975078	0.974739	0.974401	0.974063	0.976292	0.949026	0.948687	0.948349	0.948011	0.947672	0.947334	0.946996	0.946657	0.946319	0.945981	0.945642	0.945304	0.944966	0.944627	0.944289	0.943951	0.943612	0.943274	0.942936	
0.976068	0.976261	0.976454	0.976647	0.976840	0.977033	0.979702	0.979726	0.979750	0.979774	0.979798	0.979822	0.972308	0.972336	0.972364	0.972392	0.972419	0.972447	0.972475	0.972503	0.972530	0.972558	0.972586	0.972614	0.972641	0.972669	0.972697	0.972725	0.972753	0.972780	0.972808	0.972836	0.972864	0.972891	0.972919	0.972947	0.972975	0.973002	0.973030	0.973058	0.973086	0.973113	0.973141	0.973169	0.973197	0.973225	0.967055	0.967697	0.968338	0.968980	0.969621	0.970263	0.970905	0.971546	0.972188	0.972829	0.973471	0.973558	0.973586	0.973613	0.973641	0.973669	0.973697	0.973724	0.973752	0.973780	0.973807	0.973835	0.973863	0.973891	0.973918	0.973946	0.973974	0.974002	0.974029	0.974057	0.974085	0.975751	0.975413	0.975075	0.974736	0.974398	0.974060	0.976278	0.976306	0.949361	0.949023	0.948684	0.948346	0.948008	0.947669	0.947331	0.946993	0.946654	0.946316	0.945978	0.945639	0.945301	0.944963	0.944624	0.944286	0.943948	0.943609	0.943271	
0.976097	0.976290	0.976483	0.976676	0.976870	0.977063	0.977256	0.979690	0.979714	0.979738	0.979762	0.979787	0.979811	0.979835	0.972267	0.972295	0.972322	0.972350	0.972378	0.972406	0.972433	0.972461	0.972489	0.972517	0.972544	0.972572	0.972600	0.972628	0.972656	0.972683	0.972711	0.972739	0.972767	0.972794	0.972822	0.972850	0.972878	0.972905	0.972933	0.972961	0.972989	0.973016	0.973044	0.973072	0.973100	0.973128	0.973155	0.973183	0.966803	0.967444	0.968086	0.968727	0.969369	0.970011	0.970652	0.971294	0.971935	0.972577	0.973218	0.973516	0.973544	0.973572	0.973600	0.973627	0.973655	0.973683	0.973711	0.973738	0.973766	0.973794	0.973822	0.973849	0.973877	0.973905	0.973933	0.973960	0.973988	0.974016	0.974044	0.974071	0.974099	0.975749	0.975410	0.975072	0.974734	0.974395	0.974057	0.973719	0.976292	0.976320	0.950035	0.949696	0.949358	0.949020	0.948681	0.948343	0.948005	0.947666	0.947328	0.946990	0.946651	0.946313	0.945975	0.945636	0.945298	0.944960	0.944621	0.944283	0.943945	0.943606	
0.976127	0.976320	0.976513	0.976706	0.976899	0.977092	0.977285	0.979678	0.979702	0.979727	0.979751	0.979775	0.979799	0.979823	0.979847	0.972253	0.972281	0.972309	0.972336	0.972364	0.972392	0.972420	0.972447	0.972475	0.972503	0.972531	0.972558	0.972586	0.972614	0.972642	0.972670	0.972697	0.972725	0.972753	0.972781	0.972808	0.972836	0.972864	0.972892	0.972919	0.972947	0.972975	0.973003	0.973031	0.973058	0.973086	0.973114	0.973142	0.966550	0.967192	0.967833	0.968475	0.969116	0.969758	0.970400	0.971041	0.971683	0.972324	0.972966	0.973475	0.973503	0.973530	0.973558	0.973586	0.973614	0.973641	0.973669	0.973697	0.973725	0.973752	0.973780	0.973808	0.973836	0.973863	0.973891	0.973919	0.973947	0.973974	0.974002	0.974030	0.974058	0.974085	0.975746	0.975407	0.975069	0.974731	0.974392	0.974054	0.973716	0.976278	0.976306	0.950370	0.950032	0.949694	0.949355	0.949017	0.948679	0.948340	0.948002	0.947664	0.947325	0.946987	0.946649	0.946310	0.945972	0.945634	0.945295	0.944957	0.944619	0.944280	0.943942	
0.976156	0.976349	0.976542	0.976735	0.976929	0.977122	0.977315	0.977508	0.979666	0.979691	0.979715	0.979739	0.979763	0.979787	0.979811	0.979835	0.972212	0.972239	0.972267	0.972295	0.972323	0.972350	0.972378	0.972406	0.972434	0.972461	0.972489	0.972517	0.972545	0.972573	0.972600	0.972628	0.972656	0.972684	0.972711	0.972739	0.972767	0.972795	0.972822	0.972850	0.972878	0.972906	0.972933	0.972961	0.972989	0.973017	0.973045	0.973072	0.965656	0.966298	0.966939	0.967581	0.968222	0.968864	0.969506	0.970147	0.970789	0.971430	0.972072	0.972713	0.973355	0.973461	0.973489	0.973517	0.973544	0.973572	0.973600	0.973628	0.973655	0.973683	0.973711	0.973739	0.973766	0.973794	0.973822	0.973850	0.973877	0.973905	0.973933	0.973961	0.973988	0.974016	0.974044	0.974072	0.974099	0.975743	0.975404	0.975066	0.974728	0.974389	0.974051	0.973713	0.973374	0.976292	0.976320	0.951044	0.950706	0.950367	0.950029	0.949691	0.949352	0.949014	0.948676	0.948337	0.947999	0.947661	0.947322	0.946984	0.946646	0.946307	0.945969	0.945631	0.945292	0.944954	0.944616	
0.976186	0.976379	0.976572	0.976765	0.976958	0.977151	0.977344	0.977537	0.977731	0.979655	0.979679	0.979703	0.979727	0.979751	0.979775	0.979799	0.979823	0.979847	0.972170	0.972198	0.972226	0.972253	0.972281	0.972309	0.972337	0.972364	0.972392	0.972420	0.972448	0.972475	0.972503	0.972531	0.972559	0.972587	0.972614	0.972642	0.972670	0.972698	0.972725	0.972753	0.972781	0.972809	0.972836	0.972864	0.972892	0.972920	0.972948	0.972975	0.973003	0.973031	0.965404	0.966045	0.966687	0.967328	0.967970	0.968612	0.969253	0.969895	0.970536	0.971178	0.971819	0.972461	0.973103	0.973420	0.973447	0.973475	0.973503	0.973531	0.973558	0.973586	0.973614	0.973642	0.973669	0.973697	0.973725	0.973753	0.973780	0.973808	0.973836	0.973864	0.973891	0.973919	0.973947	0.973975	0.974002	0.974030	0.974058	0.974086	0.974113	0.975740	0.975401	0.975063	0.974725	0.974386	0.974048	0.973710	0.973371	0.976279	0.976306	0.976334	0.951379	0.951041	0.950703	0.950364	0.950026	0.949688	0.949349	0.949011	0.948673	0.948334	0.947996	0.947658	0.947319	0.946981	0.946643	0.946304	0.945966	0.945628	0.945289	0.944951	
0.976408	0.976601	0.976794	0.976988	0.977181	0.977374	0.977567	0.977760	0.977953	0.979667	0.979691	0.979715	0.979739	0.979763	0.979787	0.979811	0.979835	0.979859	0.972156	0.972184	0.972212	0.972240	0.972267	0.972295	0.972323	0.972351	0.972378	0.972406	0.972434	0.972462	0.972490	0.972517	0.972545	0.972573	0.972601	0.972628	0.972656	0.972684	0.972712	0.972739	0.972767	0.972795	0.972823	0.972850	0.972878	0.972906	0.972934	0.972962	0.972989	0.965151	0.965793	0.966434	0.967076	0.967717	0.968359	0.969001	0.969642	0.970284	0.970925	0.971567	0.972209	0.972850	0.973378	0.973406	0.973434	0.973461	0.973489	0.973517	0.973545	0.973572	0.973600	0.973628	0.973656	0.973683	0.973711	0.973739	0.973767	0.973794	0.973822	0.973850	0.973878	0.973905	0.973933	0.973961	0.973989	0.974016	0.974044	0.974072	0.974100	0.975737	0.975398	0.975060	0.974722	0.974383	0.974045	0.973707	0.973368	0.976265	0.976293	0.976320	0.952053	0.951715	0.951376	0.951038	0.950700	0.950361	0.950023	0.949685	0.949346	0.949008	0.948670	0.948331	0.947993	0.947655	0.947316	0.946978	0.946640	0.946301	0.945963	0.945625	0.945286	
0.976438	0.976631	0.976824	0.977017	0.977210	0.977403	0.977596	0.977790	0.977983	0.978176	0.979679	0.979703	0.979727	0.979751	0.979775	0.979799	0.979823	0.979847	0.972115	0.972143	0.972170	0.972198	0.972226	0.972254	0.972281	0.972309	0.972337	0.972365	0.972392	0.972420	0.972448	0.972476	0.972504	0.972531	0.972559	0.972587	0.972615	0.972642	0.972670	0.972698	0.972726	0.972753	0.972781	0.972809	0.972837	0.972865	0.972892	0.972920	0.964257	0.964899	0.965540	0.966182	0.966823	0.967465	0.968107	0.968748	0.969390	0.970031	0.970673	0.971314	0.971956	0.972598	0.973239	0.973364	0.973392	0.973420	0.973448	0.973475	0.973503	0.973531	0.973559	0.973586	0.973614	0.973642	0.973670	0.973698	0.973725	0.973753	0.973781	0.973808	0.973836	0.973864	0.973892	0.973919	0.973947	0.973975	0.974003	0.974030	0.974058	0.974086	0.974114	0.975734	0.975395	0.975057	0.974719	0.974380	0.974042	0.973704	0.973365	0.973027	0.976279	0.976307	0.976335	0.952388	0.952050	0.951712	0.951373	0.951035	0.950697	0.950358	0.950020	0.949682	0.949343	0.949005	0.948667	0.948328	0.947990	0.947652	0.947313	0.946975	0.946637	0.946298	0.945960	
0.976467	0.976660	0.976853	0.977047	0.977240	0.977433	0.977626	0.977819	0.978012	0.978205	0.979667	0.979691	0.979715	0.979739	0.979763	0.979787	0.979811	0.979835	0.979860	0.972073	0.972101	0.972129	0.972157	0.972184	0.972212	0.972240	0.972268	0.972295	0.972323	0.972351	0.972379	0.972407	0.972434	0.972462	0.972490	0.972518	0.972545	0.972573	0.972601	0.972629	0.972656	0.972684	0.972712	0.972740	0.972767	0.972795	0.972823	0.972851	0.972879	0.964005	0.964646	0.965288	0.965929	0.966571	0.967213	0.967854	0.968496	0.969137	0.969779	0.970420	0.971062	0.971704	0.972345	0.972987	0.973323	0.973351	0.973378	0.973406	0.973434	0.973462	0.973489	0.973517	0.973545	0.973573	0.973600	0.973628	0.973656	0.973684	0.973712	0.973739	0.973767	0.973795	0.973822	0.973850	0.973878	0.973906	0.973933	0.973961	0.973989	0.974017	0.974044	0.974072	0.974100	0.975731	0.975392	0.975054	0.974716	0.974377	0.974039	0.973701	0.973362	0.973024	0.976265	0.976293	0.976321	0.976349	0.953062	0.952724	0.952385	0.952047	0.951709	0.951370	0.951032	0.950694	0.950355	0.950017	0.949679	0.949340	0.949002	0.948664	0.948325	0.947987	0.947649	0.947310	0.946972	0.946634	0.946295	
0.976497	0.976690	0.976883	0.977076	0.977269	0.977462	0.977655	0.977849	0.978042	0.978235	0.978428	0.979679	0.979703	0.979727	0.979751	0.979775	0.979800	0.979824	0.979848	0.979872	0.972060	0.972087	0.972115	0.972143	0.972171	0.972198	0.972226	0.972254	0.972282	0.972310	0.972337	0.972365	0.972393	0.972421	0.972448	0.972476	0.972504	0.972532	0.972559	0.972587	0.972615	0.972643	0.972670	0.972698	0.972726	0.972754	0.972782	0.972809	0.972837	0.963752	0.964394	0.965035	0.965677	0.966319	0.966960	0.967602	0.968243	0.968885	0.969526	0.970168	0.970810	0.971451	0.972093	0.972734	0.973281	0.973309	0.973337	0.973365	0.973392	0.973420	0.973448	0.973476	0.973503	0.973531	0.973559	0.973587	0.973615	0.973642	0.973670	0.973698	0.973725	0.973753	0.973781	0.973809	0.973836	0.973864	0.973892	0.973920	0.973947	0.973975	0.974003	0.974031	0.974058	0.974086	0.974114	0.975728	0.975389	0.975051	0.974713	0.974374	0.974036	0.973698	0.973359	0.973021	0.972683	0.976279	0.976307	0.976335	0.953397	0.953059	0.952721	0.952382	0.952044	0.951706	0.951367	0.951029	0.950691	0.950352	0.950014	0.949676	0.949337	0.948999	0.948661	0.948322	0.947984	0.947646	0.947307	0.946969	0.946631	
0.976526	0.976719	0.976912	0.977106	0.977299	0.977492	0.977685	0.977878	0.978071	0.978264	0.978457	0.978651	0.979691	0.979715	0.979740	0.979764	0.979788	0.979812	0.979836	0.979860	0.972018	0.972046	0.972074	0.972101	0.972129	0.972157	0.972185	0.972212	0.972240	0.972268	0.972296	0.972324	0.972351	0.972379	0.972407	0.972435	0.972462	0.972490	0.972518	0.972546	0.972573	0.972601	0.972629	0.972657	0.972684	0.972712	0.972740	0.972768	0.962858	0.963500	0.964141	0.964783	0.965424	0.966066	0.966708	0.967349	0.967991	0.968632	0.969274	0.969916	0.970557	0.971199	0.971840	0.972482	0.973123	0.973268	0.973295	0.973323	0.973351	0.973379	0.973406	0.973434	0.973462	0.973490	0.973517	0.973545	0.973573	0.973601	0.973629	0.973656	0.973684	0.973712	0.973739	0.973767	0.973795	0.973823	0.973850	0.973878	0.973906	0.973934	0.973961	0.973989	0.974017	0.974045	0.974072	0.974100	0.974128	0.975725	0.975386	0.975048	0.974710	0.974371	0.974033	0.973695	0.973356	0.973018	0.972680	0.976266	0.976293	0.976321	0.976349	0.954071	0.953733	0.953394	0.953056	0.952718	0.952379	0.952041	0.951703	0.951364	0.951026	0.950688	0.950349	0.950011	0.949673	0.949334	0.948996	0.948658	0.948319	0.947981	0.947643	0.947304	
0.976556	0.976749	0.976942	0.977135	0.977328	0.977521	0.977714	0.977908	0.978101	0.978294	0.978487	0.978680	0.978873	0.979704	0.979728	0.979752	0.979776	0.979800	0.979824	0.979848	0.979872	0.971977	0.972004	0.972032	0.972060	0.972088	0.972115	0.972143	0.972171	0.972199	0.972227	0.972254	0.972282	0.972310	0.972338	0.972365	0.972393	0.972421	0.972449	0.972476	0.972504	0.972532	0.972560	0.972587	0.972615	0.972643	0.972671	0.972699	0.972726	0.962606	0.963247	0.963889	0.964530	0.965172	0.965814	0.966455	0.967097	0.967738	0.968380	0.969021	0.969663	0.970305	0.970946	0.971588	0.972229	0.972871	0.973226	0.973254	0.973282	0.973309	0.973337	0.973365	0.973393	0.973420	0.973448	0.973476	0.973504	0.973532	0.973559	0.973587	0.973615	0.973643	0.973670	0.973698	0.973726	0.973753	0.973781	0.973809	0.973837	0.973864	0.973892	0.973920	0.973948	0.973975	0.974003	0.974031	0.974059	0.974086	0.974114	0.975722	0.975383	0.975045	0.974707	0.974368	0.974030	0.973692	0.973353	0.973015	0.972677	0.972338	0.976280	0.976307	0.976335	0.976363	0.954406	0.954068	0.953730	0.953391	0.953053	0.952715	0.952376	0.952038	0.951700	0.951361	0.951023	0.950685	0.950346	0.950008	0.949670	0.949331	0.948993	0.948655	0.948316	0.947978	0.947640	
0.976778	0.976971	0.977165	0.977358	0.977551	0.977744	0.977937	0.978130	0.978323	0.978516	0.978710	0.978903	0.979096	0.979716	0.979740	0.979764	0.979788	0.979812	0.979836	0.979860	0.979884	0.971963	0.971991	0.972018	0.972046	0.972074	0.972102	0.972129	0.972157	0.972185	0.972213	0.972241	0.972268	0.972296	0.972324	0.972352	0.972379	0.972407	0.972435	0.972463	0.972490	0.972518	0.972546	0.972574	0.972602	0.972629	0.972657	0.961712	0.962353	0.962995	0.963636	0.964278	0.964920	0.965561	0.966203	0.966844	0.967486	0.968127	0.968769	0.969411	0.970052	0.970694	0.971335	0.971977	0.972618	0.973185	0.973212	0.973240	0.973268	0.973296	0.973323	0.973351	0.973379	0.973407	0.973434	0.973462	0.973490	0.973518	0.973546	0.973573	0.973601	0.973629	0.973657	0.973684	0.973712	0.973740	0.973767	0.973795	0.973823	0.973851	0.973878	0.973906	0.973934	0.973962	0.973989	0.974017	0.974045	0.974073	0.974100	0.974128	0.975719	0.975380	0.975042	0.974704	0.974365	0.974027	0.973689	0.973350	0.973012	0.972674	0.972335	0.976266	0.976294	0.976321	0.976349	0.955080	0.954742	0.954403	0.954065	0.953727	0.953388	0.953050	0.952712	0.952373	0.952035	0.951697	0.951358	0.951020	0.950682	0.950343	0.950005	0.949667	0.949328	0.948990	0.948652	0.948313	0.947975	
0.976808	0.977001	0.977194	0.977387	0.977580	0.977773	0.977967	0.978160	0.978353	0.978546	0.978739	0.978932	0.979125	0.979704	0.979728	0.979752	0.979776	0.979800	0.979824	0.979848	0.979872	0.971921	0.971949	0.971977	0.972005	0.972032	0.972060	0.972088	0.972116	0.972144	0.972171	0.972199	0.972227	0.972255	0.972282	0.972310	0.972338	0.972366	0.972393	0.972421	0.972449	0.972477	0.972504	0.972532	0.972560	0.972588	0.972616	0.961459	0.962101	0.962742	0.963384	0.964025	0.964667	0.965309	0.965950	0.966592	0.967233	0.967875	0.968517	0.969158	0.969800	0.970441	0.971083	0.971724	0.972366	0.973008	0.973171	0.973199	0.973226	0.973254	0.973282	0.973310	0.973337	0.973365	0.973393	0.973421	0.973449	0.973476	0.973504	0.973532	0.973560	0.973587	0.973615	0.973643	0.973671	0.973698	0.973726	0.973754	0.973782	0.973809	0.973837	0.973865	0.973893	0.973920	0.973948	0.973976	0.974004	0.974031	0.974059	0.974087	0.974115	0.974142	0.975716	0.975377	0.975039	0.974701	0.974362	0.974024	0.973686	0.973347	0.973009	0.972671	0.972332	0.971994	0.976280	0.976308	0.976335	0.976363	0.955415	0.955077	0.954739	0.954400	0.954062	0.953724	0.953385	0.953047	0.952709	0.952370	0.952032	0.951694	0.951355	0.951017	0.950679	0.950340	0.950002	0.949664	0.949325	0.948987	0.948649	0.948310	
0.976837	0.977030	0.977224	0.977417	0.977610	0.977803	0.977996	0.978189	0.978382	0.978575	0.978769	0.978962	0.979155	0.979348	0.979716	0.979740	0.979764	0.979788	0.979812	0.979836	0.979860	0.979884	0.971880	0.971908	0.971935	0.971963	0.971991	0.972019	0.972046	0.972074	0.972102	0.972130	0.972158	0.972185	0.972213	0.972241	0.972269	0.972296	0.972324	0.972352	0.972380	0.972407	0.972435	0.972463	0.972491	0.972519	0.972546	0.972574	0.961207	0.961848	0.962490	0.963131	0.963773	0.964415	0.965056	0.965698	0.966339	0.966981	0.967622	0.968264	0.968906	0.969547	0.970189	0.970830	0.971472	0.972114	0.972755	0.973129	0.973157	0.973185	0.973213	0.973240	0.973268	0.973296	0.973324	0.973351	0.973379	0.973407	0.973435	0.973463	0.973490	0.973518	0.973546	0.973574	0.973601	0.973629	0.973657	0.973685	0.973712	0.973740	0.973768	0.973796	0.973823	0.973851	0.973879	0.973907	0.973934	0.973962	0.973990	0.974018	0.974045	0.974073	0.974101	0.974129	0.975713	0.975374	0.975036	0.974698	0.974359	0.974021	0.973683	0.973344	0.973006	0.972668	0.972329	0.971991	0.976266	0.976294	0.976322	0.976349	0.976377	0.956089	0.955751	0.955412	0.955074	0.954736	0.954397	0.954059	0.953721	0.953382	0.953044	0.952706	0.952367	0.952029	0.951691	0.951352	0.951014	0.950676	0.950337	0.949999	0.949661	0.949322	0.948984	
0.976867	0.977060	0.977253	0.977446	0.977639	0.977832	0.978026	0.978219	0.978412	0.978605	0.978798	0.978991	0.979184	0.979377	0.979571	0.979728	0.979752	0.979776	0.979800	0.979824	0.979849	0.979873	0.971838	0.971866	0.971894	0.971922	0.971949	0.971977	0.972005	0.972033	0.972061	0.972088	0.972116	0.972144	0.972172	0.972199	0.972227	0.972255	0.972283	0.972310	0.972338	0.972366	0.972394	0.972421	0.972449	0.972477	0.972505	0.960313	0.960954	0.961596	0.962237	0.962879	0.963521	0.964162	0.964804	0.965445	0.966087	0.966728	0.967370	0.968012	0.968653	0.969295	0.969936	0.970578	0.971219	0.971861	0.972503	0.973088	0.973116	0.973143	0.973171	0.973199	0.973227	0.973254	0.973282	0.973310	0.973338	0.973366	0.973393	0.973421	0.973449	0.973477	0.973504	0.973532	0.973560	0.973588	0.973615	0.973643	0.973671	0.973699	0.973726	0.973754	0.973782	0.973810	0.973837	0.973865	0.973893	0.973921	0.973948	0.973976	0.974004	0.974032	0.974059	0.974087	0.974115	0.974143	0.975710	0.975371	0.975033	0.974695	0.974356	0.974018	0.973680	0.973341	0.973003	0.972665	0.972326	0.971988	0.971650	0.976280	0.976308	0.976336	0.976363	0.956425	0.956086	0.955748	0.955410	0.955071	0.954733	0.954395	0.954056	0.953718	0.953380	0.953041	0.952703	0.952365	0.952026	0.951688	0.951350	0.951011	0.950673	0.950335	0.949996	0.949658	0.949320	
0.976896	0.977089	0.977282	0.977476	0.977669	0.977862	0.978055	0.978248	0.978441	0.978634	0.978828	0.979021	0.979214	0.979407	0.979600	0.979716	0.979740	0.979764	0.979789	0.979813	0.979837	0.979861	0.979885	0.971825	0.971852	0.971880	0.971908	0.971936	0.971963	0.971991	0.972019	0.972047	0.972075	0.972102	0.972130	0.972158	0.972186	0.972213	0.972241	0.972269	0.972297	0.972324	0.972352	0.972380	0.972408	0.972436	0.972463	0.960060	0.960702	0.961343	0.961985	0.962626	0.963268	0.963910	0.964551	0.965193	0.965834	0.966476	0.967118	0.967759	0.968401	0.969042	0.969684	0.970325	0.970967	0.971609	0.972250	0.972892	0.973074	0.973102	0.973130	0.973157	0.973185	0.973213	0.973241	0.973269	0.973296	0.973324	0.973352	0.973380	0.973407	0.973435	0.973463	0.973491	0.973518	0.973546	0.973574	0.973602	0.973629	0.973657	0.973685	0.973713	0.973740	0.973768	0.973796	0.973824	0.973851	0.973879	0.973907	0.973935	0.973962	0.973990	0.974018	0.974046	0.974073	0.974101	0.974129	0.974157	0.975707	0.975368	0.975030	0.974692	0.974353	0.974015	0.973677	0.973338	0.973000	0.972662	0.972323	0.971985	0.971647	0.976266	0.976294	0.976322	0.976350	0.976377	0.957098	0.956760	0.956422	0.956083	0.955745	0.955407	0.955068	0.954730	0.954392	0.954053	0.953715	0.953377	0.953038	0.952700	0.952362	0.952023	0.951685	0.951347	0.951008	0.950670	0.950332	0.949993	0.949655	
0.976926	0.977119	0.977312	0.977505	0.977698	0.977891	0.978085	0.978278	0.978471	0.978664	0.978857	0.979050	0.979243	0.979436	0.979630	0.979704	0.979728	0.979753	0.979777	0.979801	0.979825	0.979849	0.979873	0.979897	0.971783	0.971811	0.971839	0.971866	0.971894	0.971922	0.971950	0.971978	0.972005	0.972033	0.972061	0.972089	0.972116	0.972144	0.972172	0.972200	0.972227	0.972255	0.972283	0.972311	0.972338	0.972366	0.972394	0.972422	0.959808	0.960449	0.961091	0.961732	0.962374	0.963016	0.963657	0.964299	0.964940	0.965582	0.966223	0.966865	0.967507	0.968148	0.968790	0.969431	0.970073	0.970715	0.971356	0.971998	0.972639	0.973033	0.973060	0.973088	0.973116	0.973144	0.973171	0.973199	0.973227	0.973255	0.973283	0.973310	0.973338	0.973366	0.973394	0.973421	0.973449	0.973477	0.973505	0.973532	0.973560	0.973588	0.973616	0.973643	0.973671	0.973699	0.973727	0.973754	0.973782	0.973810	0.973838	0.973865	0.973893	0.973921	0.973949	0.973976	0.974004	0.974032	0.974060	0.974087	0.974115	0.974143	0.975704	0.975365	0.975027	0.974689	0.974350	0.974012	0.973674	0.973335	0.972997	0.972659	0.972320	0.971982	0.971644	0.971305	0.976280	0.976308	0.976336	0.976364	0.957434	0.957095	0.956757	0.956419	0.956080	0.955742	0.955404	0.955065	0.954727	0.954389	0.954050	0.953712	0.953374	0.953035	0.952697	0.952359	0.952020	0.951682	0.951344	0.951005	0.950667	0.950329	
0.977148	0.977341	0.977535	0.977728	0.977921	0.978114	0.978307	0.978500	0.978693	0.978887	0.979080	0.979273	0.979466	0.979659	0.979693	0.979717	0.979741	0.979765	0.979789	0.979813	0.979837	0.979861	0.979885	0.971742	0.971769	0.971797	0.971825	0.971853	0.971881	0.971908	0.971936	0.971964	0.971992	0.972019	0.972047	0.972075	0.972103	0.972130	0.972158	0.972186	0.972214	0.972241	0.972269	0.972297	0.972325	0.972353	0.958914	0.959555	0.960197	0.960838	0.961480	0.962122	0.962763	0.963405	0.964046	0.964688	0.965329	0.965971	0.966613	0.967254	0.967896	0.968537	0.969179	0.969821	0.970462	0.971104	0.971745	0.972387	0.972991	0.973019	0.973047	0.973074	0.973102	0.973130	0.973158	0.973186	0.973213	0.973241	0.973269	0.973297	0.973324	0.973352	0.973380	0.973408	0.973435	0.973463	0.973491	0.973519	0.973546	0.973574	0.973602	0.973630	0.973657	0.973685	0.973713	0.973741	0.973768	0.973796	0.973824	0.973852	0.973879	0.973907	0.973935	0.973963	0.973990	0.974018	0.974046	0.974074	0.974101	0.974129	0.974157	0.975701	0.975363	0.975024	0.974686	0.974348	0.974009	0.973671	0.973333	0.972994	0.972656	0.972318	0.971979	0.971641	0.971303	0.976267	0.976295	0.976322	0.976350	0.976378	0.958107	0.957769	0.957431	0.957092	0.956754	0.956416	0.956077	0.955739	0.955401	0.955062	0.954724	0.954386	0.954047	0.953709	0.953371	0.953032	0.952694	0.952356	0.952017	0.951679	0.951341	0.951002	0.950664	
0.977178	0.977371	0.977564	0.977757	0.977950	0.978143	0.978337	0.978530	0.978723	0.978916	0.979109	0.979302	0.979495	0.979657	0.979681	0.979705	0.979729	0.979753	0.979777	0.979801	0.979825	0.979849	0.979873	0.979897	0.971728	0.971756	0.971783	0.971811	0.971839	0.971867	0.971895	0.971922	0.971950	0.971978	0.972006	0.972033	0.972061	0.972089	0.972117	0.972144	0.972172	0.972200	0.972228	0.972256	0.972283	0.972311	0.958661	0.959303	0.959944	0.960586	0.961227	0.961869	0.962511	0.963152	0.963794	0.964435	0.965077	0.965719	0.966360	0.967002	0.967643	0.968285	0.968926	0.969568	0.970210	0.970851	0.971493	0.972134	0.972776	0.972977	0.973005	0.973033	0.973061	0.973088	0.973116	0.973144	0.973172	0.973200	0.973227	0.973255	0.973283	0.973311	0.973338	0.973366	0.973394	0.973422	0.973449	0.973477	0.973505	0.973533	0.973561	0.973588	0.973616	0.973644	0.973671	0.973699	0.973727	0.973755	0.973782	0.973810	0.973838	0.973866	0.973893	0.973921	0.973949	0.973977	0.974004	0.974032	0.974060	0.974088	0.974115	0.974143	0.974171	0.975698	0.975360	0.975021	0.974683	0.974345	0.974006	0.973668	0.973330	0.972991	0.972653	0.972315	0.971976	0.971638	0.971300	0.970961	0.976281	0.976309	0.976336	0.976364	0.976392	0.958443	0.958104	0.957766	0.957428	0.957089	0.956751	0.956413	0.956074	0.955736	0.955398	0.955059	0.954721	0.954383	0.954044	0.953706	0.953368	0.953029	0.952691	0.952353	0.952014	0.951676	0.951338	0.950999	
0.977207	0.977400	0.977594	0.977787	0.977980	0.978173	0.978366	0.978559	0.978752	0.978946	0.979139	0.979332	0.979525	0.979645	0.979669	0.979693	0.979717	0.979741	0.979765	0.979789	0.979813	0.979837	0.979861	0.979885	0.979909	0.971686	0.971714	0.971742	0.971770	0.971798	0.971825	0.971853	0.971881	0.971909	0.971936	0.971964	0.971992	0.972020	0.972047	0.972075	0.972103	0.972131	0.972158	0.972186	0.972214	0.972242	0.972270	0.958409	0.959050	0.959692	0.960333	0.960975	0.961617	0.962258	0.962900	0.963541	0.964183	0.964825	0.965466	0.966108	0.966749	0.967391	0.968032	0.968674	0.969316	0.969957	0.970599	0.971240	0.971882	0.972523	0.972936	0.972964	0.972991	0.973019	0.973047	0.973075	0.973103	0.973130	0.973158	0.973186	0.973214	0.973241	0.973269	0.973297	0.973325	0.973352	0.973380	0.973408	0.973436	0.973463	0.973491	0.973519	0.973547	0.973574	0.973602	0.973630	0.973658	0.973685	0.973713	0.973741	0.973769	0.973796	0.973824	0.973852	0.973880	0.973907	0.973935	0.973963	0.973991	0.974018	0.974046	0.974074	0.974102	0.974129	0.974157	0.975695	0.975357	0.975018	0.974680	0.974342	0.974003	0.973665	0.973327	0.972988	0.972650	0.972312	0.971973	0.971635	0.971297	0.970958	0.976267	0.976295	0.976323	0.976350	0.976378	0.959116	0.958778	0.958440	0.958101	0.957763	0.957425	0.957086	0.956748	0.956410	0.956071	0.955733	0.955395	0.955056	0.954718	0.954380	0.954041	0.953703	0.953365	0.953026	0.952688	0.952350	0.952011	0.951673	
0.977237	0.977430	0.977623	0.977816	0.978009	0.978202	0.978396	0.978589	0.978782	0.978975	0.979168	0.979361	0.979554	0.979633	0.979657	0.979681	0.979705	0.979729	0.979753	0.979777	0.979801	0.979825	0.979849	0.979873	0.979898	0.971645	0.971673	0.971700	0.971728	0.971756	0.971784	0.971812	0.971839	0.971867	0.971895	0.971923	0.971950	0.971978	0.972006	0.972034	0.972061	0.972089	0.972117	0.972145	0.972173	0.972200	0.957515	0.958156	0.958798	0.959439	0.960081	0.960723	0.961364	0.962006	0.962647	0.963289	0.963930	0.964572	0.965214	0.965855	0.966497	0.967138	0.967780	0.968422	0.969063	0.969705	0.970346	0.970988	0.971629	0.972271	0.972894	0.972922	0.972950	0.972978	0.973005	0.973033	0.973061	0.973089	0.973117	0.973144	0.973172	0.973200	0.973228	0.973255	0.973283	0.973311	0.973339	0.973366	0.973394	0.973422	0.973450	0.973478	0.973505	0.973533	0.973561	0.973588	0.973616	0.973644	0.973672	0.973699	0.973727	0.973755	0.973783	0.973810	0.973838	0.973866	0.973894	0.973921	0.973949	0.973977	0.974005	0.974032	0.974060	0.974088	0.974116	0.974143	0.974171	0.975692	0.975354	0.975015	0.974677	0.974339	0.974000	0.973662	0.973324	0.972985	0.972647	0.972309	0.971970	0.971632	0.971294	0.970955	0.970617	0.976281	0.976309	0.976337	0.976364	0.976392	0.959452	0.959113	0.958775	0.958437	0.958098	0.957760	0.957422	0.957083	0.956745	0.956407	0.956068	0.955730	0.955392	0.955053	0.954715	0.954377	0.954038	0.953700	0.953362	0.953023	0.952685	0.952347	0.952008	
0.977266	0.977459	0.977653	0.977846	0.978039	0.978232	0.978425	0.978618	0.978811	0.979004	0.979198	0.979391	0.979584	0.979621	0.979645	0.979669	0.979693	0.979717	0.979741	0.979765	0.979789	0.979813	0.979837	0.979862	0.979886	0.979910	0.971631	0.971659	0.971687	0.971715	0.971742	0.971770	0.971798	0.971826	0.971853	0.971881	0.971909	0.971937	0.971964	0.971992	0.972020	0.972048	0.972075	0.972103	0.972131	0.972159	0.957262	0.957904	0.958545	0.959187	0.959829	0.960470	0.961112	0.961753	0.962395	0.963036	0.963678	0.964320	0.964961	0.965603	0.966244	0.966886	0.967527	0.968169	0.968811	0.969452	0.970094	0.970735	0.971377	0.972019	0.972660	0.972881	0.972908	0.972936	0.972964	0.972992	0.973020	0.973047	0.973075	0.973103	0.973131	0.973158	0.973186	0.973214	0.973242	0.973269	0.973297	0.973325	0.973353	0.973380	0.973408	0.973436	0.973464	0.973492	0.973519	0.973547	0.973575	0.973602	0.973630	0.973658	0.973686	0.973713	0.973741	0.973769	0.973797	0.973824	0.973852	0.973880	0.973908	0.973935	0.973963	0.973991	0.974019	0.974046	0.974074	0.974102	0.974130	0.974157	0.974185	0.975689	0.975351	0.975012	0.974674	0.974336	0.973997	0.973659	0.973321	0.972982	0.972644	0.972306	0.971967	0.971629	0.971291	0.970952	0.970614	0.976267	0.976295	0.976323	0.976351	0.976378	0.976406	0.960125	0.959787	0.959449	0.959110	0.958772	0.958434	0.958095	0.957757	0.957419	0.957080	0.956742	0.956404	0.956065	0.955727	0.955389	0.955050	0.954712	0.954374	0.954035	0.953697	0.953359	0.953020	0.952682	0.952344	
0.977296	0.977489	0.977682	0.977875	0.978068	0.978261	0.978455	0.978648	0.978841	0.979034	0.979227	0.979420	0.979585	0.979609	0.979633	0.979657	0.979681	0.979705	0.979729	0.979753	0.979777	0.979802	0.979826	0.979850	0.979874	0.971590	0.971617	0.971645	0.971673	0.971701	0.971729	0.971756	0.971784	0.971812	0.971840	0.971867	0.971895	0.971923	0.971951	0.971978	0.972006	0.972034	0.972062	0.972090	0.972117	0.957010	0.957651	0.958293	0.958934	0.959576	0.960218	0.960859	0.961501	0.962142	0.962784	0.963426	0.964067	0.964709	0.965350	0.965992	0.966633	0.967275	0.967917	0.968558	0.969200	0.969841	0.970483	0.971124	0.971766	0.972408	0.972839	0.972867	0.972895	0.972923	0.972950	0.972978	0.973006	0.973034	0.973061	0.973089	0.973117	0.973145	0.973172	0.973200	0.973228	0.973256	0.973283	0.973311	0.973339	0.973367	0.973395	0.973422	0.973450	0.973478	0.973506	0.973533	0.973561	0.973589	0.973617	0.973644	0.973672	0.973700	0.973727	0.973755	0.973783	0.973811	0.973838	0.973866	0.973894	0.973922	0.973949	0.973977	0.974005	0.974033	0.974060	0.974088	0.974116	0.974144	0.974171	0.975686	0.975348	0.975009	0.974671	0.974333	0.973994	0.973656	0.973318	0.972979	0.972641	0.972303	0.971964	0.971626	0.971288	0.970949	0.970611	0.970273	0.976281	0.976309	0.976337	0.976365	0.976392	0.960461	0.960122	0.959784	0.959446	0.959107	0.958769	0.958431	0.958092	0.957754	0.957416	0.957077	0.956739	0.956401	0.956062	0.955724	0.955386	0.955047	0.954709	0.954371	0.954032	0.953694	0.953356	0.953017	0.952679	
0.977518	0.977712	0.977905	0.978098	0.978291	0.978484	0.978677	0.978870	0.979063	0.979257	0.979450	0.979573	0.979597	0.979621	0.979645	0.979669	0.979693	0.979717	0.979742	0.979766	0.979790	0.979814	0.979838	0.971548	0.971576	0.971604	0.971632	0.971659	0.971687	0.971715	0.971743	0.971770	0.971798	0.971826	0.971854	0.971881	0.971909	0.971937	0.971965	0.971992	0.972020	0.972048	0.956116	0.956757	0.957399	0.958040	0.958682	0.959324	0.959965	0.960607	0.961248	0.961890	0.962531	0.963173	0.963815	0.964456	0.965098	0.965739	0.966381	0.967023	0.967664	0.968306	0.968947	0.969589	0.970230	0.970872	0.971514	0.972155	0.972797	0.972825	0.972853	0.972881	0.972909	0.972937	0.972964	0.972992	0.973020	0.973048	0.973075	0.973103	0.973131	0.973159	0.973186	0.973214	0.973242	0.973270	0.973298	0.973325	0.973353	0.973381	0.973409	0.973436	0.973464	0.973492	0.973520	0.973547	0.973575	0.973603	0.973631	0.973658	0.973686	0.973714	0.973742	0.973769	0.973797	0.973825	0.973853	0.973880	0.973908	0.973936	0.973964	0.973991	0.974019	0.974047	0.974075	0.974102	0.974130	0.974158	0.974186	0.975683	0.975345	0.975006	0.974668	0.974330	0.973991	0.973653	0.973315	0.972976	0.972638	0.972300	0.971961	0.971623	0.971285	0.970946	0.970608	0.970270	0.976268	0.976295	0.976323	0.976351	0.976379	0.976406	0.961134	0.960796	0.960458	0.960119	0.959781	0.959443	0.959104	0.958766	0.958428	0.958089	0.957751	0.957413	0.957074	0.956736	0.956398	0.956059	0.955721	0.955383	0.955044	0.954706	0.954368	0.954029	0.953691	0.953353	
0.977548	0.977741	0.977934	0.978127	0.978320	0.978514	0.978707	0.978900	0.979093	0.979286	0.979479	0.979561	0.979585	0.979609	0.979633	0.979657	0.979682	0.979706	0.979730	0.979754	0.979778	0.979802	0.979826	0.971535	0.971562	0.971590	0.971618	0.971646	0.971673	0.971701	0.971729	0.971757	0.971784	0.971812	0.971840	0.971868	0.971895	0.971923	0.971951	0.971979	0.972007	0.955863	0.956505	0.957146	0.957788	0.958430	0.959071	0.959713	0.960354	0.960996	0.961637	0.962279	0.962921	0.963562	0.964204	0.964845	0.965487	0.966128	0.966770	0.967412	0.968053	0.968695	0.969336	0.969978	0.970620	0.971261	0.971903	0.972544	0.972784	0.972812	0.972840	0.972867	0.972895	0.972923	0.972951	0.972978	0.973006	0.973034	0.973062	0.973089	0.973117	0.973145	0.973173	0.973200	0.973228	0.973256	0.973284	0.973312	0.973339	0.973367	0.973395	0.973423	0.973450	0.973478	0.973506	0.973534	0.973561	0.973589	0.973617	0.973645	0.973672	0.973700	0.973728	0.973756	0.973783	0.973811	0.973839	0.973867	0.973894	0.973922	0.973950	0.973978	0.974005	0.974033	0.974061	0.974089	0.974116	0.974144	0.974172	0.974200	0.975680	0.975342	0.975003	0.974665	0.974327	0.973988	0.973650	0.973312	0.972973	0.972635	0.972297	0.971958	0.971620	0.971282	0.970943	0.970605	0.970267	0.969928	0.976282	0.976309	0.976337	0.976365	0.976393	0.976420	0.961470	0.961131	0.960793	0.960455	0.960116	0.959778	0.959440	0.959101	0.958763	0.958425	0.958086	0.957748	0.957410	0.957071	0.956733	0.956395	0.956056	0.955718	0.955380	0.955041	0.954703	0.954365	0.954026	0.953688	
0.977577	0.977771	0.977964	0.978157	0.978350	0.978543	0.978736	0.978929	0.979122	0.979316	0.979509	0.979549	0.979573	0.979597	0.979621	0.979646	0.979670	0.979694	0.979718	0.979742	0.979766	0.979790	0.971493	0.971521	0.971549	0.971576	0.971604	0.971632	0.971660	0.971687	0.971715	0.971743	0.971771	0.971798	0.971826	0.971854	0.971882	0.971909	0.971937	0.971965	0.955611	0.956252	0.956894	0.957535	0.958177	0.958819	0.959460	0.960102	0.960743	0.961385	0.962027	0.962668	0.963310	0.963951	0.964593	0.965234	0.965876	0.966518	0.967159	0.967801	0.968442	0.969084	0.969725	0.970367	0.971009	0.971650	0.972292	0.972742	0.972770	0.972798	0.972826	0.972854	0.972881	0.972909	0.972937	0.972965	0.972992	0.973020	0.973048	0.973076	0.973103	0.973131	0.973159	0.973187	0.973215	0.973242	0.973270	0.973298	0.973326	0.973353	0.973381	0.973409	0.973437	0.973464	0.973492	0.973520	0.973548	0.973575	0.973603	0.973631	0.973659	0.973686	0.973714	0.973742	0.973770	0.973797	0.973825	0.973853	0.973881	0.973908	0.973936	0.973964	0.973992	0.974019	0.974047	0.974075	0.974103	0.974130	0.974158	0.974186	0.975677	0.975339	0.975000	0.974662	0.974324	0.973985	0.973647	0.973309	0.972970	0.972632	0.972294	0.971955	0.971617	0.971279	0.970940	0.970602	0.970264	0.969925	0.976268	0.976296	0.976323	0.976351	0.976379	0.976407	0.962144	0.961805	0.961467	0.961129	0.960790	0.960452	0.960114	0.959775	0.959437	0.959098	0.958760	0.958422	0.958083	0.957745	0.957407	0.957068	0.956730	0.956392	0.956053	0.955715	0.955377	0.955038	0.954700	0.954362	0.954023	
0.977607	0.977800	0.977993	0.978186	0.978379	0.978573	0.978766	0.978959	0.979152	0.979343	0.979375	0.979537	0.979561	0.979586	0.979610	0.979634	0.979658	0.979682	0.979706	0.979730	0.979754	0.971452	0.971479	0.971507	0.971535	0.971563	0.971590	0.971618	0.971646	0.971674	0.971701	0.971729	0.971757	0.971785	0.971812	0.971840	0.971868	0.971896	0.954717	0.955358	0.956000	0.956641	0.957283	0.957925	0.958566	0.959208	0.959849	0.960491	0.961132	0.961774	0.962416	0.963057	0.963699	0.964340	0.964982	0.965624	0.966265	0.966907	0.967548	0.968190	0.968831	0.969473	0.970115	0.970756	0.971398	0.972039	0.972681	0.972729	0.972757	0.972784	0.972812	0.972840	0.972868	0.972895	0.972923	0.972951	0.972979	0.973006	0.973034	0.973062	0.973090	0.973117	0.973145	0.973173	0.973201	0.973229	0.973256	0.973284	0.973312	0.973340	0.973367	0.973395	0.973423	0.973451	0.973478	0.973506	0.973534	0.973562	0.973589	0.973617	0.973645	0.973673	0.973700	0.973728	0.973756	0.973784	0.973811	0.973839	0.973867	0.973895	0.973922	0.973950	0.973978	0.974006	0.974033	0.974061	0.974089	0.974117	0.974144	0.974172	0.974200	0.975674	0.975336	0.974997	0.974659	0.974321	0.973982	0.973644	0.973306	0.972967	0.972629	0.972291	0.971952	0.971614	0.971276	0.970937	0.970599	0.970261	0.969922	0.969584	0.976282	0.976310	0.976337	0.976365	0.976393	0.976421	0.962479	0.962141	0.961802	0.961464	0.961126	0.960787	0.960449	0.960111	0.959772	0.959434	0.959096	0.958757	0.958419	0.958081	0.957742	0.957404	0.957066	0.956727	0.956389	0.956051	0.955712	0.955374	0.955036	0.954697	
0.977636	0.977829	0.978023	0.978216	0.978409	0.978602	0.978795	0.978988	0.979181	0.979339	0.979371	0.979403	0.979550	0.979574	0.979598	0.979622	0.979646	0.979670	0.979694	0.979718	0.979742	0.971438	0.971466	0.971493	0.971521	0.971549	0.971577	0.971604	0.971632	0.971660	0.971688	0.971715	0.971743	0.971771	0.971799	0.971827	0.971854	0.954464	0.955106	0.955747	0.956389	0.957031	0.957672	0.958314	0.958955	0.959597	0.960238	0.960880	0.961522	0.962163	0.962805	0.963446	0.964088	0.964729	0.965371	0.966013	0.966654	0.967296	0.967937	0.968579	0.969221	0.969862	0.970504	0.971145	0.971787	0.972428	0.972687	0.972715	0.972743	0.972771	0.972798	0.972826	0.972854	0.972882	0.972909	0.972937	0.972965	0.972993	0.973020	0.973048	0.973076	0.973104	0.973132	0.973159	0.973187	0.973215	0.973243	0.973270	0.973298	0.973326	0.973354	0.973381	0.973409	0.973437	0.973465	0.973492	0.973520	0.973548	0.973576	0.973603	0.973631	0.973659	0.973687	0.973714	0.973742	0.973770	0.973798	0.973825	0.973853	0.973881	0.973909	0.973936	0.973964	0.973992	0.974020	0.974047	0.974075	0.974103	0.974131	0.974158	0.974186	0.974214	0.975671	0.975333	0.974994	0.974656	0.974318	0.973979	0.973641	0.973303	0.972964	0.972626	0.972288	0.971949	0.971611	0.971273	0.970934	0.970596	0.970258	0.969919	0.969581	0.976268	0.976296	0.976324	0.976352	0.976379	0.976407	0.976435	0.963153	0.962814	0.962476	0.962138	0.961799	0.961461	0.961123	0.960784	0.960446	0.960108	0.959769	0.959431	0.959093	0.958754	0.958416	0.958078	0.957739	0.957401	0.957063	0.956724	0.956386	0.956048	0.955709	0.955371	0.955033	
0.977666	0.977859	0.978052	0.978245	0.978438	0.978632	0.978825	0.979018	0.979211	0.979334	0.979366	0.979398	0.979538	0.979562	0.979586	0.979610	0.979634	0.979658	0.979682	0.979706	0.971396	0.971424	0.971452	0.971480	0.971507	0.971535	0.971563	0.971591	0.971618	0.971646	0.971674	0.971702	0.971729	0.971757	0.971785	0.971813	0.954212	0.954853	0.955495	0.956136	0.956778	0.957420	0.958061	0.958703	0.959344	0.959986	0.960628	0.961269	0.961911	0.962552	0.963194	0.963835	0.964477	0.965119	0.965760	0.966402	0.967043	0.967685	0.968327	0.968968	0.969610	0.970251	0.970893	0.971534	0.972176	0.972646	0.972674	0.972701	0.972729	0.972757	0.972785	0.972812	0.972840	0.972868	0.972896	0.972923	0.972951	0.972979	0.973007	0.973034	0.973062	0.973090	0.973118	0.973146	0.973173	0.973201	0.973229	0.973257	0.973284	0.973312	0.973340	0.973368	0.973395	0.973423	0.973451	0.973479	0.973506	0.973534	0.973562	0.973590	0.973617	0.973645	0.973673	0.973701	0.973728	0.973756	0.973784	0.973812	0.973839	0.973867	0.973895	0.973923	0.973950	0.973978	0.974006	0.974034	0.974061	0.974089	0.974117	0.974145	0.974172	0.974200	0.975668	0.975330	0.974991	0.974653	0.974315	0.973976	0.973638	0.973300	0.972961	0.972623	0.972285	0.971946	0.971608	0.971270	0.970931	0.970593	0.970255	0.969916	0.969578	0.969240	0.976282	0.976310	0.976338	0.976366	0.976393	0.976421	0.963488	0.963150	0.962811	0.962473	0.962135	0.961796	0.961458	0.961120	0.960781	0.960443	0.960105	0.959766	0.959428	0.959090	0.958751	0.958413	0.958075	0.957736	0.957398	0.957060	0.956721	0.956383	0.956045	0.955706	0.955368	
0.977888	0.978082	0.978275	0.978468	0.978661	0.978854	0.979047	0.979240	0.979330	0.979362	0.979394	0.979426	0.979550	0.979574	0.979598	0.979622	0.979646	0.979670	0.971355	0.971383	0.971410	0.971438	0.971466	0.971494	0.971521	0.971549	0.971577	0.971605	0.971632	0.971660	0.971688	0.971716	0.971744	0.953318	0.953959	0.954601	0.955242	0.955884	0.956526	0.957167	0.957809	0.958450	0.959092	0.959734	0.960375	0.961017	0.961658	0.962300	0.962941	0.963583	0.964225	0.964866	0.965508	0.966149	0.966791	0.967432	0.968074	0.968716	0.969357	0.969999	0.970640	0.971282	0.971924	0.972565	0.972632	0.972660	0.972688	0.972715	0.972743	0.972771	0.972799	0.972826	0.972854	0.972882	0.972910	0.972937	0.972965	0.972993	0.973021	0.973049	0.973076	0.973104	0.973132	0.973160	0.973187	0.973215	0.973243	0.973271	0.973298	0.973326	0.973354	0.973382	0.973409	0.973437	0.973465	0.973493	0.973520	0.973548	0.973576	0.973604	0.973631	0.973659	0.973687	0.973715	0.973742	0.973770	0.973798	0.973826	0.973853	0.973881	0.973909	0.973937	0.973964	0.973992	0.974020	0.974048	0.974075	0.974103	0.974131	0.974159	0.974186	0.974214	0.975665	0.975327	0.974988	0.974650	0.974312	0.973973	0.973635	0.973297	0.972958	0.972620	0.972282	0.971943	0.971605	0.971267	0.970928	0.970590	0.970252	0.969913	0.969575	0.969237	0.976269	0.976296	0.976324	0.976352	0.976380	0.976407	0.976435	0.964162	0.963823	0.963485	0.963147	0.962808	0.962470	0.962132	0.961793	0.961455	0.961117	0.960778	0.960440	0.960102	0.959763	0.959425	0.959087	0.958748	0.958410	0.958072	0.957733	0.957395	0.957057	0.956718	0.956380	0.956042	
0.977918	0.978111	0.978304	0.978497	0.978690	0.978884	0.979077	0.979270	0.979325	0.979358	0.979390	0.979422	0.979538	0.979562	0.979586	0.979610	0.979634	0.979658	0.971341	0.971369	0.971397	0.971424	0.971452	0.971480	0.971508	0.971535	0.971563	0.971591	0.971619	0.971646	0.971674	0.971702	0.953065	0.953707	0.954348	0.954990	0.955632	0.956273	0.956915	0.957556	0.958198	0.958839	0.959481	0.960123	0.960764	0.961406	0.962047	0.962689	0.963331	0.963972	0.964614	0.965255	0.965897	0.966538	0.967180	0.967822	0.968463	0.969105	0.969746	0.970388	0.971029	0.971671	0.972313	0.972591	0.972618	0.972646	0.972674	0.972702	0.972729	0.972757	0.972785	0.972813	0.972840	0.972868	0.972896	0.972924	0.972951	0.972979	0.973007	0.973035	0.973063	0.973090	0.973118	0.973146	0.973174	0.973201	0.973229	0.973257	0.973285	0.973312	0.973340	0.973368	0.973396	0.973423	0.973451	0.973479	0.973507	0.973534	0.973562	0.973590	0.973618	0.973645	0.973673	0.973701	0.973729	0.973756	0.973784	0.973812	0.973840	0.973867	0.973895	0.973923	0.973951	0.973978	0.974006	0.974034	0.974062	0.974089	0.974117	0.974145	0.974173	0.974200	0.975662	0.975324	0.974985	0.974647	0.974309	0.973970	0.973632	0.973294	0.972955	0.972617	0.972279	0.971940	0.971602	0.971264	0.970925	0.970587	0.970249	0.969910	0.969572	0.969234	0.976255	0.976283	0.976310	0.976338	0.976366	0.976394	0.976421	0.976449	0.964497	0.964159	0.963820	0.963482	0.963144	0.962805	0.962467	0.962129	0.961790	0.961452	0.961114	0.960775	0.960437	0.960099	0.959760	0.959422	0.959084	0.958745	0.958407	0.958069	0.957730	0.957392	0.957054	0.956715	0.956377	
0.977947	0.978141	0.978334	0.978527	0.978720	0.978913	0.979106	0.979289	0.979321	0.979353	0.979385	0.979417	0.979450	0.979550	0.979574	0.979598	0.979622	0.971300	0.971327	0.971355	0.971383	0.971411	0.971438	0.971466	0.971494	0.971522	0.971549	0.971577	0.971605	0.971633	0.952171	0.952813	0.953454	0.954096	0.954738	0.955379	0.956021	0.956662	0.957304	0.957945	0.958587	0.959229	0.959870	0.960512	0.961153	0.961795	0.962436	0.963078	0.963720	0.964361	0.965003	0.965644	0.966286	0.966928	0.967569	0.968211	0.968852	0.969494	0.970135	0.970777	0.971419	0.972060	0.972549	0.972577	0.972605	0.972632	0.972660	0.972688	0.972716	0.972743	0.972771	0.972799	0.972827	0.972854	0.972882	0.972910	0.972938	0.972966	0.972993	0.973021	0.973049	0.973077	0.973104	0.973132	0.973160	0.973188	0.973215	0.973243	0.973271	0.973299	0.973326	0.973354	0.973382	0.973410	0.973437	0.973465	0.973493	0.973521	0.973548	0.973576	0.973604	0.973632	0.973659	0.973687	0.973715	0.973743	0.973770	0.973798	0.973826	0.973854	0.973881	0.973909	0.973937	0.973965	0.973992	0.974020	0.974048	0.974076	0.974103	0.974131	0.974159	0.974187	0.974214	0.975659	0.975321	0.974982	0.974644	0.974306	0.973967	0.973629	0.973291	0.972952	0.972614	0.972276	0.971937	0.971599	0.971261	0.970922	0.970584	0.970246	0.969907	0.969569	0.969231	0.968892	0.976269	0.976297	0.976324	0.976352	0.976380	0.976408	0.976435	0.965171	0.964832	0.964494	0.964156	0.963817	0.963479	0.963141	0.962802	0.962464	0.962126	0.961787	0.961449	0.961111	0.960772	0.960434	0.960096	0.959757	0.959419	0.959081	0.958742	0.958404	0.958066	0.957727	0.957389	0.957051	0.956712	
0.977977	0.978170	0.978363	0.978556	0.978749	0.978943	0.979136	0.979285	0.979317	0.979349	0.979381	0.979413	0.979445	0.979477	0.979562	0.979586	0.971258	0.971286	0.971314	0.971341	0.971369	0.971397	0.971425	0.971452	0.971480	0.971508	0.971536	0.971563	0.971591	0.951919	0.952560	0.953202	0.953843	0.954485	0.955127	0.955768	0.956410	0.957051	0.957693	0.958335	0.958976	0.959618	0.960259	0.960901	0.961542	0.962184	0.962826	0.963467	0.964109	0.964750	0.965392	0.966033	0.966675	0.967317	0.967958	0.968600	0.969241	0.969883	0.970525	0.971166	0.971808	0.972449	0.972535	0.972563	0.972591	0.972619	0.972646	0.972674	0.972702	0.972730	0.972757	0.972785	0.972813	0.972841	0.972869	0.972896	0.972924	0.972952	0.972980	0.973007	0.973035	0.973063	0.973091	0.973118	0.973146	0.973174	0.973202	0.973229	0.973257	0.973285	0.973313	0.973341	0.973368	0.973396	0.973424	0.973451	0.973479	0.973507	0.973535	0.973562	0.973590	0.973618	0.973646	0.973673	0.973701	0.973729	0.973757	0.973784	0.973812	0.973840	0.973868	0.973895	0.973923	0.973951	0.973979	0.974006	0.974034	0.974062	0.974090	0.974117	0.974145	0.974173	0.974201	0.974228	0.975656	0.975318	0.974980	0.974641	0.974303	0.973965	0.973626	0.973288	0.972950	0.972611	0.972273	0.971935	0.971596	0.971258	0.970919	0.970581	0.970243	0.969904	0.969566	0.969228	0.968889	0.976255	0.976283	0.976311	0.976338	0.976366	0.976394	0.976422	0.976449	0.965506	0.965168	0.964829	0.964491	0.964153	0.963814	0.963476	0.963138	0.962799	0.962461	0.962123	0.961784	0.961446	0.961108	0.960769	0.960431	0.960093	0.959754	0.959416	0.959078	0.958739	0.958401	0.958063	0.957724	0.957386	0.957048	
0.977807	0.977948	0.978200	0.978393	0.978586	0.978779	0.978972	0.979165	0.979280	0.979312	0.979344	0.979377	0.979409	0.979441	0.979473	0.979550	0.979575	0.971244	0.971272	0.971300	0.971328	0.971355	0.971383	0.971411	0.971439	0.971466	0.971494	0.971522	0.971550	0.951666	0.952308	0.952949	0.953591	0.954233	0.954874	0.955516	0.956157	0.956799	0.957440	0.958082	0.958724	0.959365	0.960007	0.960648	0.961290	0.961932	0.962573	0.963215	0.963856	0.964498	0.965139	0.965781	0.966423	0.967064	0.967706	0.968347	0.968989	0.969630	0.970272	0.970914	0.971555	0.972197	0.972494	0.972522	0.972549	0.972577	0.972605	0.972633	0.972660	0.972688	0.972716	0.972744	0.972771	0.972799	0.972827	0.972855	0.972883	0.972910	0.972938	0.972966	0.972994	0.973021	0.973049	0.973077	0.973105	0.973132	0.973160	0.973188	0.973216	0.973244	0.973271	0.973299	0.973327	0.973355	0.973382	0.973410	0.973438	0.973466	0.973493	0.973521	0.973549	0.973577	0.973604	0.973632	0.973660	0.973688	0.973715	0.973743	0.973771	0.973799	0.973826	0.973854	0.973882	0.973909	0.973937	0.973965	0.973993	0.974020	0.974048	0.974076	0.974104	0.974131	0.974159	0.974187	0.974215	0.975653	0.975315	0.974977	0.974638	0.974300	0.973962	0.973623	0.973285	0.972947	0.972608	0.972270	0.971932	0.971593	0.971255	0.970917	0.970578	0.970240	0.969902	0.969563	0.969225	0.968887	0.968548	0.976269	0.976297	0.976325	0.976352	0.976380	0.976408	0.966180	0.965841	0.965503	0.965165	0.964826	0.964488	0.964150	0.963811	0.963473	0.963135	0.962796	0.962458	0.962120	0.961781	0.961443	0.961105	0.960766	0.960428	0.960090	0.959751	0.959413	0.959075	0.958736	0.958398	0.958060	0.957721	
0.977848	0.977988	0.978129	0.978270	0.978411	0.978552	0.978693	0.978834	0.978975	0.979116	0.979257	0.979372	0.979404	0.979436	0.979469	0.979501	0.971203	0.971231	0.971258	0.971286	0.971314	0.971342	0.971369	0.971397	0.971425	0.971453	0.971481	0.950772	0.951414	0.952055	0.952697	0.953339	0.953980	0.954622	0.955263	0.955905	0.956546	0.957188	0.957830	0.958471	0.959113	0.959754	0.960396	0.961037	0.961679	0.962321	0.962962	0.963604	0.964245	0.964887	0.965529	0.966170	0.966812	0.967453	0.968095	0.968736	0.969378	0.970020	0.970661	0.971303	0.971944	0.972452	0.972480	0.972508	0.972536	0.972563	0.972591	0.972619	0.972647	0.972674	0.972702	0.972730	0.972758	0.972786	0.972813	0.972841	0.972869	0.972897	0.972924	0.972952	0.972980	0.973008	0.973035	0.973063	0.973091	0.973119	0.973146	0.973174	0.973202	0.973230	0.973258	0.973285	0.973313	0.973341	0.973369	0.973396	0.973424	0.973452	0.973480	0.973507	0.973535	0.973563	0.973591	0.973618	0.973646	0.973674	0.973702	0.973729	0.973757	0.973785	0.973813	0.973840	0.973868	0.973896	0.973924	0.973951	0.973979	0.974007	0.974035	0.974062	0.974090	0.974118	0.974146	0.974173	0.974201	0.974229	0.975312	0.974974	0.974635	0.974297	0.973959	0.973620	0.973282	0.972944	0.972605	0.972267	0.971929	0.971590	0.971252	0.970914	0.970575	0.970237	0.969899	0.969560	0.969222	0.968884	0.968545	0.976255	0.976283	0.976311	0.976339	0.976366	0.966515	0.966177	0.965838	0.965500	0.965162	0.964823	0.964485	0.964147	0.963808	0.963470	0.963132	0.962793	0.962455	0.962117	0.961778	0.961440	0.961102	0.960763	0.960425	0.960087	0.959748	0.959410	0.959072	0.958733	0.958395	0.958057	
0.977888	0.978029	0.978170	0.978311	0.978452	0.978593	0.978733	0.978874	0.979015	0.979156	0.979297	0.979368	0.979400	0.979432	0.979464	0.971161	0.971189	0.971217	0.971245	0.971272	0.971300	0.971328	0.971356	0.971383	0.971411	0.971439	0.950520	0.951161	0.951803	0.952444	0.953086	0.953728	0.954369	0.955011	0.955652	0.956294	0.956936	0.957577	0.958219	0.958860	0.959502	0.960143	0.960785	0.961427	0.962068	0.962710	0.963351	0.963993	0.964634	0.965276	0.965918	0.966559	0.967201	0.967842	0.968484	0.969126	0.969767	0.970409	0.971050	0.971692	0.972333	0.972439	0.972466	0.972494	0.972522	0.972550	0.972577	0.972605	0.972633	0.972661	0.972688	0.972716	0.972744	0.972772	0.972800	0.972827	0.972855	0.972883	0.972911	0.972938	0.972966	0.972994	0.973022	0.973049	0.973077	0.973105	0.973133	0.973161	0.973188	0.973216	0.973244	0.973272	0.973299	0.973327	0.973355	0.973383	0.973410	0.973438	0.973466	0.973494	0.973521	0.973549	0.973577	0.973605	0.973632	0.973660	0.973688	0.973716	0.973743	0.973771	0.973799	0.973827	0.973854	0.973882	0.973910	0.973938	0.973965	0.973993	0.974021	0.974049	0.974076	0.974104	0.974132	0.974160	0.974187	0.974215	0.974243	0.975309	0.974971	0.974632	0.974294	0.973956	0.973617	0.973279	0.972941	0.972602	0.972264	0.971926	0.971587	0.971249	0.970911	0.970572	0.970234	0.969896	0.969557	0.969219	0.968881	0.968542	0.968204	0.976269	0.976297	0.967189	0.966850	0.966512	0.966174	0.965835	0.965497	0.965159	0.964820	0.964482	0.964144	0.963805	0.963467	0.963129	0.962790	0.962452	0.962114	0.961775	0.961437	0.961099	0.960760	0.960422	0.960084	0.959745	0.959407	0.959069	0.958730	0.958392	
0.977928	0.978069	0.978210	0.978351	0.978492	0.978633	0.978774	0.978915	0.979056	0.979197	0.979331	0.979363	0.979396	0.979428	0.979460	0.971148	0.971175	0.971203	0.971231	0.971259	0.971286	0.971314	0.971342	0.971370	0.971398	0.950267	0.950909	0.951550	0.952192	0.952834	0.953475	0.954117	0.954758	0.955400	0.956041	0.956683	0.957325	0.957966	0.958608	0.959249	0.959891	0.960533	0.961174	0.961816	0.962457	0.963099	0.963740	0.964382	0.965024	0.965665	0.966307	0.966948	0.967590	0.968231	0.968873	0.969515	0.970156	0.970798	0.971439	0.972081	0.972397	0.972425	0.972453	0.972480	0.972508	0.972536	0.972564	0.972591	0.972619	0.972647	0.972675	0.972703	0.972730	0.972758	0.972786	0.972814	0.972841	0.972869	0.972897	0.972925	0.972952	0.972980	0.973008	0.973036	0.973063	0.973091	0.973119	0.973147	0.973175	0.973202	0.973230	0.973258	0.973286	0.973313	0.973341	0.973369	0.973397	0.973424	0.973452	0.973480	0.973508	0.973535	0.973563	0.973591	0.973619	0.973646	0.973674	0.973702	0.973730	0.973757	0.973785	0.973813	0.973841	0.973868	0.973896	0.973924	0.973952	0.973979	0.974007	0.974035	0.974063	0.974090	0.974118	0.974146	0.974174	0.974201	0.974229	0.975306	0.974968	0.974629	0.974291	0.973953	0.973614	0.973276	0.972938	0.972599	0.972261	0.971923	0.971584	0.971246	0.970908	0.970569	0.970231	0.969893	0.969554	0.969216	0.968878	0.968539	0.968201	0.976256	0.967524	0.967186	0.966847	0.966509	0.966171	0.965832	0.965494	0.965156	0.964817	0.964479	0.964141	0.963802	0.963464	0.963126	0.962787	0.962449	0.962111	0.961772	0.961434	0.961096	0.960757	0.960419	0.960081	0.959742	0.959404	0.959066	
0.978110	0.978251	0.978392	0.978532	0.978673	0.978814	0.978955	0.979096	0.979237	0.979327	0.979359	0.979391	0.979423	0.971106	0.971134	0.971162	0.971189	0.971217	0.971245	0.971273	0.971300	0.971328	0.949373	0.950015	0.950656	0.951298	0.951940	0.952581	0.953223	0.953864	0.954506	0.955147	0.955789	0.956431	0.957072	0.957714	0.958355	0.958997	0.959638	0.960280	0.960922	0.961563	0.962205	0.962846	0.963488	0.964130	0.964771	0.965413	0.966054	0.966696	0.967337	0.967979	0.968621	0.969262	0.969904	0.970545	0.971187	0.971829	0.972356	0.972383	0.972411	0.972439	0.972467	0.972494	0.972522	0.972550	0.972578	0.972605	0.972633	0.972661	0.972689	0.972717	0.972744	0.972772	0.972800	0.972828	0.972855	0.972883	0.972911	0.972939	0.972966	0.972994	0.973022	0.973050	0.973078	0.973105	0.973133	0.973161	0.973189	0.973216	0.973244	0.973272	0.973300	0.973327	0.973355	0.973383	0.973411	0.973438	0.973466	0.973494	0.973522	0.973549	0.973577	0.973605	0.973633	0.973660	0.973688	0.973716	0.973744	0.973771	0.973799	0.973827	0.973855	0.973882	0.973910	0.973938	0.973966	0.973993	0.974021	0.974049	0.974077	0.974104	0.974132	0.974160	0.974188	0.974215	0.974243	0.975303	0.974965	0.974626	0.974288	0.973950	0.973611	0.973273	0.972935	0.972596	0.972258	0.971920	0.971581	0.971243	0.970905	0.970566	0.970228	0.969890	0.969551	0.969213	0.968875	0.968536	0.968198	0.967860	0.967521	0.967183	0.966845	0.966506	0.966168	0.965830	0.965491	0.965153	0.964815	0.964476	0.964138	0.963800	0.963461	0.963123	0.962785	0.962446	0.962108	0.961770	0.961431	0.961093	0.960754	0.960416	0.960078	0.959739	0.959401	
0.978150	0.978291	0.978432	0.978573	0.978714	0.978855	0.978996	0.979137	0.979277	0.979323	0.979355	0.979387	0.971065	0.971092	0.971120	0.971148	0.971176	0.971203	0.971231	0.971259	0.971287	0.949121	0.949762	0.950404	0.951045	0.951687	0.952329	0.952970	0.953612	0.954253	0.954895	0.955537	0.956178	0.956820	0.957461	0.958103	0.958744	0.959386	0.960028	0.960669	0.961311	0.961952	0.962594	0.963235	0.963877	0.964519	0.965160	0.965802	0.966443	0.967085	0.967727	0.968368	0.969010	0.969651	0.970293	0.970934	0.971576	0.972218	0.972342	0.972370	0.972397	0.972425	0.972453	0.972481	0.972508	0.972536	0.972564	0.972592	0.972620	0.972647	0.972675	0.972703	0.972731	0.972758	0.972786	0.972814	0.972842	0.972869	0.972897	0.972925	0.972953	0.972980	0.973008	0.973036	0.973064	0.973092	0.973119	0.973147	0.973175	0.973203	0.973230	0.973258	0.973286	0.973314	0.973341	0.973369	0.973397	0.973425	0.973452	0.973480	0.973508	0.973536	0.973563	0.973591	0.973619	0.973647	0.973674	0.973702	0.973730	0.973758	0.973785	0.973813	0.973841	0.973869	0.973896	0.973924	0.973952	0.973980	0.974007	0.974035	0.974063	0.974091	0.974118	0.974146	0.974174	0.974202	0.974229	0.974257	0.975300	0.974962	0.974623	0.974285	0.973947	0.973608	0.973270	0.972932	0.972593	0.972255	0.971917	0.971578	0.971240	0.970902	0.970563	0.970225	0.969887	0.969548	0.969210	0.968872	0.968533	0.968195	0.967857	0.967518	0.967180	0.966842	0.966503	0.966165	0.965827	0.965488	0.965150	0.964812	0.964473	0.964135	0.963797	0.963458	0.963120	0.962782	0.962443	0.962105	0.961767	0.961428	0.961090	0.960752	0.960413	0.960075	0.959737	
0.978191	0.978331	0.978472	0.978613	0.978754	0.978895	0.979036	0.979177	0.979286	0.979318	0.979350	0.971023	0.971051	0.971079	0.971106	0.971134	0.971162	0.971190	0.971217	0.971245	0.948868	0.949510	0.950151	0.950793	0.951435	0.952076	0.952718	0.953359	0.954001	0.954642	0.955284	0.955926	0.956567	0.957209	0.957850	0.958492	0.959134	0.959775	0.960417	0.961058	0.961700	0.962341	0.962983	0.963625	0.964266	0.964908	0.965549	0.966191	0.966833	0.967474	0.968116	0.968757	0.969399	0.970040	0.970682	0.971324	0.971965	0.972300	0.972328	0.972356	0.972384	0.972411	0.972439	0.972467	0.972495	0.972523	0.972550	0.972578	0.972606	0.972634	0.972661	0.972689	0.972717	0.972745	0.972772	0.972800	0.972828	0.972856	0.972883	0.972911	0.972939	0.972967	0.972995	0.973022	0.973050	0.973078	0.973106	0.973133	0.973161	0.973189	0.973217	0.973244	0.973272	0.973300	0.973328	0.973355	0.973383	0.973411	0.973439	0.973466	0.973494	0.973522	0.973550	0.973577	0.973605	0.973633	0.973661	0.973688	0.973716	0.973744	0.973772	0.973799	0.973827	0.973855	0.973883	0.973910	0.973938	0.973966	0.973994	0.974021	0.974049	0.974077	0.974105	0.974132	0.974160	0.974188	0.974216	0.974243	0.975297	0.974959	0.974620	0.974282	0.973944	0.973605	0.973267	0.972929	0.972590	0.972252	0.971914	0.971575	0.971237	0.970899	0.970560	0.970222	0.969884	0.969545	0.969207	0.968869	0.968530	0.968192	0.967854	0.967515	0.967177	0.966839	0.966500	0.966162	0.965824	0.965485	0.965147	0.964809	0.964470	0.964132	0.963794	0.963455	0.963117	0.962779	0.962440	0.962102	0.961764	0.961425	0.961087	0.960749	0.960410	0.960072	
0.978231	0.978372	0.978513	0.978654	0.978795	0.978936	0.979076	0.979217	0.979282	0.979314	0.979346	0.971009	0.971037	0.971065	0.971093	0.971120	0.971148	0.971176	0.947974	0.948616	0.949257	0.949899	0.950541	0.951182	0.951824	0.952465	0.953107	0.953748	0.954390	0.955032	0.955673	0.956315	0.956956	0.957598	0.958240	0.958881	0.959523	0.960164	0.960806	0.961447	0.962089	0.962731	0.963372	0.964014	0.964655	0.965297	0.965938	0.966580	0.967222	0.967863	0.968505	0.969146	0.969788	0.970430	0.971071	0.971713	0.972259	0.972287	0.972314	0.972342	0.972370	0.972398	0.972425	0.972453	0.972481	0.972509	0.972537	0.972564	0.972592	0.972620	0.972648	0.972675	0.972703	0.972731	0.972759	0.972786	0.972814	0.972842	0.972870	0.972897	0.972925	0.972953	0.972981	0.973009	0.973036	0.973064	0.973092	0.973120	0.973147	0.973175	0.973203	0.973231	0.973258	0.973286	0.973314	0.973342	0.973369	0.973397	0.973425	0.973453	0.973480	0.973508	0.973536	0.973564	0.973591	0.973619	0.973647	0.973675	0.973702	0.973730	0.973758	0.973786	0.973813	0.973841	0.973869	0.973897	0.973924	0.973952	0.973980	0.974008	0.974035	0.974063	0.974091	0.974119	0.974146	0.974174	0.974202	0.974230	0.974257	0.975294	0.974956	0.974617	0.974279	0.973941	0.973602	0.973264	0.972926	0.972587	0.972249	0.971911	0.971572	0.971234	0.970896	0.970557	0.970219	0.969881	0.969542	0.969204	0.968866	0.968527	0.968189	0.967851	0.967512	0.967174	0.966836	0.966497	0.966159	0.965821	0.965482	0.965144	0.964806	0.964467	0.964129	0.963791	0.963452	0.963114	0.962776	0.962437	0.962099	0.961761	0.961422	0.961084	0.960746	
0.978412	0.978553	0.978694	0.978835	0.978976	0.979117	0.979245	0.979277	0.979309	0.970968	0.970996	0.971023	0.971051	0.971079	0.971107	0.971134	0.947722	0.948363	0.949005	0.949647	0.950288	0.950930	0.951571	0.952213	0.952854	0.953496	0.954138	0.954779	0.955421	0.956062	0.956704	0.957345	0.957987	0.958629	0.959270	0.959912	0.960553	0.961195	0.961837	0.962478	0.963120	0.963761	0.964403	0.965044	0.965686	0.966328	0.966969	0.967611	0.968252	0.968894	0.969535	0.970177	0.970819	0.971460	0.972102	0.972245	0.972273	0.972301	0.972328	0.972356	0.972384	0.972412	0.972440	0.972467	0.972495	0.972523	0.972551	0.972578	0.972606	0.972634	0.972662	0.972689	0.972717	0.972745	0.972773	0.972800	0.972828	0.972856	0.972884	0.972912	0.972939	0.972967	0.972995	0.973023	0.973050	0.973078	0.973106	0.973134	0.973161	0.973189	0.973217	0.973245	0.973272	0.973300	0.973328	0.973356	0.973383	0.973411	0.973439	0.973467	0.973494	0.973522	0.973550	0.973578	0.973605	0.973633	0.973661	0.973689	0.973716	0.973744	0.973772	0.973800	0.973827	0.973855	0.973883	0.973911	0.973938	0.973966	0.973994	0.974022	0.974049	0.974077	0.974105	0.974133	0.974160	0.974188	0.974216	0.974244	0.974271	0.975291	0.974953	0.974614	0.974276	0.973938	0.973599	0.973261	0.972923	0.972584	0.972246	0.971908	0.971569	0.971231	0.970893	0.970554	0.970216	0.969878	0.969539	0.969201	0.968863	0.968524	0.968186	0.967848	0.967509	0.967171	0.966833	0.966494	0.966156	0.965818	0.965479	0.965141	0.964803	0.964464	0.964126	0.963788	0.963449	0.963111	0.962773	0.962434	0.962096	0.961758	0.961419	0.961081	
0.978453	0.978594	0.978735	0.978875	0.979016	0.979157	0.979241	0.979273	0.970926	0.970954	0.970982	0.971010	0.971037	0.971065	0.971093	0.947469	0.948111	0.948752	0.949394	0.950036	0.950677	0.951319	0.951960	0.952602	0.953244	0.953885	0.954527	0.955168	0.955810	0.956451	0.957093	0.957735	0.958376	0.959018	0.959659	0.960301	0.960942	0.961584	0.962226	0.962867	0.963509	0.964150	0.964792	0.965434	0.966075	0.966717	0.967358	0.968000	0.968641	0.969283	0.969925	0.970566	0.971208	0.971849	0.972204	0.972231	0.972259	0.972287	0.972315	0.972342	0.972370	0.972398	0.972426	0.972454	0.972481	0.972509	0.972537	0.972565	0.972592	0.972620	0.972648	0.972676	0.972703	0.972731	0.972759	0.972787	0.972815	0.972842	0.972870	0.972898	0.972926	0.972953	0.972981	0.973009	0.973037	0.973064	0.973092	0.973120	0.973148	0.973175	0.973203	0.973231	0.973259	0.973286	0.973314	0.973342	0.973370	0.973397	0.973425	0.973453	0.973481	0.973508	0.973536	0.973564	0.973592	0.973619	0.973647	0.973675	0.973703	0.973730	0.973758	0.973786	0.973814	0.973841	0.973869	0.973897	0.973925	0.973952	0.973980	0.974008	0.974036	0.974063	0.974091	0.974119	0.974147	0.974174	0.974202	0.974230	0.974258	0.975288	0.974950	0.974611	0.974273	0.973935	0.973596	0.973258	0.972920	0.972581	0.972243	0.971905	0.971566	0.971228	0.970890	0.970551	0.970213	0.969875	0.969536	0.969198	0.968860	0.968521	0.968183	0.967845	0.967506	0.967168	0.966830	0.966491	0.966153	0.965815	0.965476	0.965138	0.964800	0.964461	0.964123	0.963785	0.963446	0.963108	0.962770	0.962431	0.962093	0.961755	0.961416	
0.978493	0.978634	0.978775	0.978916	0.979057	0.979198	0.979236	0.979268	0.970913	0.970940	0.970968	0.970996	0.971024	0.946575	0.947217	0.947858	0.948500	0.949142	0.949783	0.950425	0.951066	0.951708	0.952349	0.952991	0.953633	0.954274	0.954916	0.955557	0.956199	0.956841	0.957482	0.958124	0.958765	0.959407	0.960048	0.960690	0.961332	0.961973	0.962615	0.963256	0.963898	0.964539	0.965181	0.965823	0.966464	0.967106	0.967747	0.968389	0.969031	0.969672	0.970314	0.970955	0.971597	0.972162	0.972190	0.972218	0.972245	0.972273	0.972301	0.972329	0.972357	0.972384	0.972412	0.972440	0.972468	0.972495	0.972523	0.972551	0.972579	0.972606	0.972634	0.972662	0.972690	0.972717	0.972745	0.972773	0.972801	0.972829	0.972856	0.972884	0.972912	0.972940	0.972967	0.972995	0.973023	0.973051	0.973078	0.973106	0.973134	0.973162	0.973190	0.973217	0.973245	0.973273	0.973300	0.973328	0.973356	0.973384	0.973411	0.973439	0.973467	0.973495	0.973522	0.973550	0.973578	0.973606	0.973633	0.973661	0.973689	0.973717	0.973744	0.973772	0.973800	0.973828	0.973855	0.973883	0.973911	0.973939	0.973966	0.973994	0.974022	0.974050	0.974077	0.974105	0.974133	0.974161	0.974188	0.974216	0.974244	0.974272	0.975285	0.974947	0.974608	0.974270	0.973932	0.973593	0.973255	0.972917	0.972578	0.972240	0.971902	0.971563	0.971225	0.970887	0.970548	0.970210	0.969872	0.969533	0.969195	0.968857	0.968518	0.968180	0.967842	0.967503	0.967165	0.966827	0.966488	0.966150	0.965812	0.965473	0.965135	0.964797	0.964458	0.964120	0.963782	0.963443	0.963105	0.962767	0.962428	0.962090	
0.978534	0.978674	0.978815	0.978956	0.979097	0.979200	0.979232	0.970871	0.970899	0.970927	0.970954	0.970982	0.946323	0.946964	0.947606	0.948248	0.948889	0.949531	0.950172	0.950814	0.951455	0.952097	0.952739	0.953380	0.954022	0.954663	0.955305	0.955946	0.956588	0.957230	0.957871	0.958513	0.959154	0.959796	0.960438	0.961079	0.961721	0.962362	0.963004	0.963645	0.964287	0.964929	0.965570	0.966212	0.966853	0.967495	0.968136	0.968778	0.969420	0.970061	0.970703	0.971344	0.971986	0.972148	0.972176	0.972204	0.972232	0.972259	0.972287	0.972315	0.972343	0.972371	0.972398	0.972426	0.972454	0.972482	0.972509	0.972537	0.972565	0.972593	0.972620	0.972648	0.972676	0.972704	0.972732	0.972759	0.972787	0.972815	0.972843	0.972870	0.972898	0.972926	0.972954	0.972981	0.973009	0.973037	0.973065	0.973092	0.973120	0.973148	0.973176	0.973204	0.973231	0.973259	0.973287	0.973315	0.973342	0.973370	0.973398	0.973426	0.973453	0.973481	0.973509	0.973537	0.973564	0.973592	0.973620	0.973648	0.973675	0.973703	0.973731	0.973759	0.973786	0.973814	0.973842	0.973870	0.973897	0.973925	0.973953	0.973981	0.974008	0.974036	0.974064	0.974091	0.974119	0.974147	0.974175	0.974202	0.974230	0.974258	0.974286	0.975282	0.974944	0.974605	0.974267	0.973929	0.973590	0.973252	0.972914	0.972575	0.972237	0.971899	0.971560	0.971222	0.970884	0.970545	0.970207	0.969869	0.969530	0.969192	0.968854	0.968515	0.968177	0.967839	0.967500	0.967162	0.966824	0.966485	0.966147	0.965809	0.965470	0.965132	0.964794	0.964455	0.964117	0.963779	0.963440	0.963102	0.962764	0.962425	
0.978715	0.978856	0.978997	0.979138	0.979195	0.970830	0.970857	0.970885	0.970913	0.970941	0.946070	0.946712	0.947353	0.947995	0.948637	0.949278	0.949920	0.950561	0.951203	0.951845	0.952486	0.953128	0.953769	0.954411	0.955052	0.955694	0.956336	0.956977	0.957619	0.958260	0.958902	0.959543	0.960185	0.960827	0.961468	0.962110	0.962751	0.963393	0.964035	0.964676	0.965318	0.965959	0.966601	0.967242	0.967884	0.968526	0.969167	0.969809	0.970450	0.971092	0.971733	0.972107	0.972135	0.972162	0.972190	0.972218	0.972246	0.972274	0.972301	0.972329	0.972357	0.972385	0.972412	0.972440	0.972468	0.972496	0.972523	0.972551	0.972579	0.972607	0.972634	0.972662	0.972690	0.972718	0.972746	0.972773	0.972801	0.972829	0.972857	0.972884	0.972912	0.972940	0.972968	0.972995	0.973023	0.973051	0.973079	0.973107	0.973134	0.973162	0.973190	0.973218	0.973245	0.973273	0.973301	0.973329	0.973356	0.973384	0.973412	0.973440	0.973467	0.973495	0.973523	0.973551	0.973578	0.973606	0.973634	0.973662	0.973689	0.973717	0.973745	0.973773	0.973800	0.973828	0.973856	0.973884	0.973911	0.973939	0.973967	0.973995	0.974022	0.974050	0.974078	0.974106	0.974133	0.974161	0.974189	0.974217	0.974244	0.974272	0.975279	0.974941	0.974602	0.974264	0.973926	0.973587	0.973249	0.972911	0.972572	0.972234	0.971896	0.971557	0.971219	0.970881	0.970542	0.970204	0.969866	0.969527	0.969189	0.968851	0.968512	0.968174	0.967836	0.967497	0.967159	0.966821	0.966482	0.966144	0.965806	0.965467	0.965129	0.964791	0.964452	0.964114	0.963776	0.963437	0.963099	0.962761	
0.978755	0.978896	0.979037	0.979159	0.979191	0.970816	0.970844	0.970871	0.945176	0.945818	0.946459	0.947101	0.947743	0.948384	0.949026	0.949667	0.950309	0.950950	0.951592	0.952234	0.952875	0.953517	0.954158	0.954800	0.955442	0.956083	0.956725	0.957366	0.958008	0.958649	0.959291	0.959933	0.960574	0.961216	0.961857	0.962499	0.963140	0.963782	0.964424	0.965065	0.965707	0.966348	0.966990	0.967632	0.968273	0.968915	0.969556	0.970198	0.970839	0.971481	0.972065	0.972093	0.972121	0.972149	0.972176	0.972204	0.972232	0.972260	0.972288	0.972315	0.972343	0.972371	0.972399	0.972426	0.972454	0.972482	0.972510	0.972537	0.972565	0.972593	0.972621	0.972649	0.972676	0.972704	0.972732	0.972760	0.972787	0.972815	0.972843	0.972871	0.972898	0.972926	0.972954	0.972982	0.973009	0.973037	0.973065	0.973093	0.973121	0.973148	0.973176	0.973204	0.973232	0.973259	0.973287	0.973315	0.973343	0.973370	0.973398	0.973426	0.973454	0.973481	0.973509	0.973537	0.973565	0.973592	0.973620	0.973648	0.973676	0.973703	0.973731	0.973759	0.973787	0.973814	0.973842	0.973870	0.973898	0.973925	0.973953	0.973981	0.974009	0.974036	0.974064	0.974092	0.974120	0.974147	0.974175	0.974203	0.974231	0.974258	0.974286	0.975276	0.974938	0.974599	0.974261	0.973923	0.973584	0.973246	0.972908	0.972569	0.972231	0.971893	0.971554	0.971216	0.970878	0.970539	0.970201	0.969863	0.969524	0.969186	0.968848	0.968509	0.968171	0.967833	0.967494	0.967156	0.966818	0.966479	0.966141	0.965803	0.965464	0.965126	0.964788	0.964449	0.964111	0.963773	0.963434	0.976507	
0.978796	0.978937	0.979078	0.979155	0.970774	0.970802	0.970830	0.944924	0.945565	0.946207	0.946849	0.947490	0.948132	0.948773	0.949415	0.950056	0.950698	0.951340	0.951981	0.952623	0.953264	0.953906	0.954547	0.955189	0.955831	0.956472	0.957114	0.957755	0.958397	0.959039	0.959680	0.960322	0.960963	0.961605	0.962246	0.962888	0.963530	0.964171	0.964813	0.965454	0.966096	0.966737	0.967379	0.968021	0.968662	0.969304	0.969945	0.970587	0.971229	0.971870	0.972052	0.972079	0.972107	0.972135	0.972163	0.972191	0.972218	0.972246	0.972274	0.972302	0.972329	0.972357	0.972385	0.972413	0.972440	0.972468	0.972496	0.972524	0.972551	0.972579	0.972607	0.972635	0.972663	0.972690	0.972718	0.972746	0.972774	0.972801	0.972829	0.972857	0.972885	0.972912	0.972940	0.972968	0.972996	0.973024	0.973051	0.973079	0.973107	0.973135	0.973162	0.973190	0.973218	0.973246	0.973273	0.973301	0.973329	0.973357	0.973384	0.973412	0.973440	0.973468	0.973495	0.973523	0.973551	0.973579	0.973606	0.973634	0.973662	0.973690	0.973717	0.973745	0.973773	0.973801	0.973828	0.973856	0.973884	0.973912	0.973939	0.973967	0.973995	0.974023	0.974050	0.974078	0.974106	0.974134	0.974161	0.974189	0.974217	0.974245	0.974272	0.974300	0.975273	0.974935	0.974596	0.974258	0.973920	0.973581	0.973243	0.972905	0.972566	0.972228	0.971890	0.971551	0.971213	0.970875	0.970536	0.970198	0.969860	0.969521	0.969183	0.968845	0.968506	0.968168	0.967830	0.967491	0.967153	0.966815	0.966476	0.966138	0.965800	0.965461	0.965123	0.964785	0.964446	0.964108	0.963770	0.976466	0.976493	0.976521	
0.978836	0.978977	0.979118	0.970733	0.970761	0.944030	0.944671	0.945313	0.945954	0.946596	0.947238	0.947879	0.948521	0.949162	0.949804	0.950446	0.951087	0.951729	0.952370	0.953012	0.953653	0.954295	0.954937	0.955578	0.956220	0.956861	0.957503	0.958144	0.958786	0.959428	0.960069	0.960711	0.961352	0.961994	0.962636	0.963277	0.963919	0.964560	0.965202	0.965843	0.966485	0.967127	0.967768	0.968410	0.969051	0.969693	0.970335	0.970976	0.971618	0.972010	0.972038	0.972066	0.972094	0.972121	0.972149	0.972177	0.972205	0.972232	0.972260	0.972288	0.972316	0.972343	0.972371	0.972399	0.972427	0.972454	0.972482	0.972510	0.972538	0.972566	0.972593	0.972621	0.972649	0.972677	0.972704	0.972732	0.972760	0.972788	0.972815	0.972843	0.972871	0.972899	0.972926	0.972954	0.972982	0.973010	0.973038	0.973065	0.973093	0.973121	0.973149	0.973176	0.973204	0.973232	0.973260	0.973287	0.973315	0.973343	0.973371	0.973398	0.973426	0.973454	0.973482	0.973509	0.973537	0.973565	0.973593	0.973620	0.973648	0.973676	0.973704	0.973731	0.973759	0.973787	0.973815	0.973842	0.973870	0.973898	0.973926	0.973953	0.973981	0.974009	0.974037	0.974064	0.974092	0.974120	0.974148	0.974175	0.974203	0.974231	0.974259	0.974286	0.975270	0.974932	0.974594	0.974255	0.973917	0.973578	0.973240	0.972902	0.972563	0.972225	0.971887	0.971548	0.971210	0.970872	0.970533	0.970195	0.969857	0.969518	0.969180	0.968842	0.968503	0.968165	0.967827	0.967488	0.967150	0.966812	0.966473	0.966135	0.965797	0.965458	0.965120	0.964782	0.964443	0.964105	0.976424	0.976452	0.976480	0.976507	
0.979017	0.979114	0.970719	0.943777	0.944419	0.945060	0.945702	0.946344	0.946985	0.947627	0.948268	0.948910	0.949551	0.950193	0.950835	0.951476	0.952118	0.952759	0.953401	0.954043	0.954684	0.955326	0.955967	0.956609	0.957250	0.957892	0.958534	0.959175	0.959817	0.960458	0.961100	0.961742	0.962383	0.963025	0.963666	0.964308	0.964949	0.965591	0.966233	0.966874	0.967516	0.968157	0.968799	0.969440	0.970082	0.970724	0.971365	0.971969	0.971996	0.972024	0.972052	0.972080	0.972108	0.972135	0.972163	0.972191	0.972219	0.972246	0.972274	0.972302	0.972330	0.972357	0.972385	0.972413	0.972441	0.972469	0.972496	0.972524	0.972552	0.972580	0.972607	0.972635	0.972663	0.972691	0.972718	0.972746	0.972774	0.972802	0.972829	0.972857	0.972885	0.972913	0.972941	0.972968	0.972996	0.973024	0.973052	0.973079	0.973107	0.973135	0.973163	0.973190	0.973218	0.973246	0.973274	0.973301	0.973329	0.973357	0.973385	0.973412	0.973440	0.973468	0.973496	0.973523	0.973551	0.973579	0.973607	0.973634	0.973662	0.973690	0.973718	0.973745	0.973773	0.973801	0.973829	0.973856	0.973884	0.973912	0.973940	0.973967	0.973995	0.974023	0.974051	0.974078	0.974106	0.974134	0.974162	0.974189	0.974217	0.974245	0.974273	0.974300	0.975267	0.974929	0.974591	0.974252	0.973914	0.973576	0.973237	0.972899	0.972561	0.972222	0.971884	0.971546	0.971207	0.970869	0.970531	0.970192	0.969854	0.969516	0.969177	0.968839	0.968501	0.968162	0.967824	0.967486	0.967147	0.966809	0.966471	0.966132	0.965794	0.965456	0.965117	0.964779	0.964441	0.976383	0.976410	0.976438	0.976466	0.976494	0.976521	
0.979058	0.970678	0.943525	0.944166	0.944808	0.945450	0.946091	0.946733	0.947374	0.948016	0.948657	0.949299	0.949941	0.950582	0.951224	0.951865	0.952507	0.953149	0.953790	0.954432	0.955073	0.955715	0.956356	0.956998	0.957640	0.958281	0.958923	0.959564	0.960206	0.960847	0.961489	0.962131	0.962772	0.963414	0.964055	0.964697	0.965339	0.965980	0.966622	0.967263	0.967905	0.968546	0.969188	0.969830	0.970471	0.971113	0.971754	0.971955	0.971983	0.972011	0.972038	0.972066	0.972094	0.972122	0.972149	0.972177	0.972205	0.972233	0.972260	0.972288	0.972316	0.972344	0.972371	0.972399	0.972427	0.972455	0.972483	0.972510	0.972538	0.972566	0.972594	0.972621	0.972649	0.972677	0.972705	0.972732	0.972760	0.972788	0.972816	0.972843	0.972871	0.972899	0.972927	0.972955	0.972982	0.973010	0.973038	0.973066	0.973093	0.973121	0.973149	0.973177	0.973204	0.973232	0.973260	0.973288	0.973315	0.973343	0.973371	0.973399	0.973426	0.973454	0.973482	0.973510	0.973537	0.973565	0.973593	0.973621	0.973648	0.973676	0.973704	0.973732	0.973759	0.973787	0.973815	0.973843	0.973870	0.973898	0.973926	0.973954	0.973981	0.974009	0.974037	0.974065	0.974092	0.974120	0.974148	0.974176	0.974203	0.974231	0.974259	0.974287	0.974314	0.975264	0.974926	0.974588	0.974249	0.973911	0.973573	0.973234	0.972896	0.972558	0.972219	0.971881	0.971543	0.971204	0.970866	0.970528	0.970189	0.969851	0.969513	0.969174	0.968836	0.968498	0.968159	0.967821	0.967483	0.967144	0.966806	0.966468	0.966129	0.965791	0.965453	0.965114	0.976313	0.976341	0.976369	0.976397	0.976424	0.976452	0.976480	0.976508	
0.942631	0.943272	0.943914	0.944556	0.945197	0.945839	0.946480	0.947122	0.947763	0.948405	0.949047	0.949688	0.950330	0.950971	0.951613	0.952254	0.952896	0.953538	0.954179	0.954821	0.955462	0.956104	0.956746	0.957387	0.958029	0.958670	0.959312	0.959953	0.960595	0.961237	0.961878	0.962520	0.963161	0.963803	0.964444	0.965086	0.965728	0.966369	0.967011	0.967652	0.968294	0.968936	0.969577	0.970219	0.970860	0.971502	0.971913	0.971941	0.971969	0.971997	0.972025	0.972052	0.972080	0.972108	0.972136	0.972163	0.972191	0.972219	0.972247	0.972274	0.972302	0.972330	0.972358	0.972386	0.972413	0.972441	0.972469	0.972497	0.972524	0.972552	0.972580	0.972608	0.972635	0.972663	0.972691	0.972719	0.972746	0.972774	0.972802	0.972830	0.972858	0.972885	0.972913	0.972941	0.972969	0.972996	0.973024	0.973052	0.973080	0.973107	0.973135	0.973163	0.973191	0.973218	0.973246	0.973274	0.973302	0.973329	0.973357	0.973385	0.973413	0.973440	0.973468	0.973496	0.973524	0.973551	0.973579	0.973607	0.973635	0.973662	0.973690	0.973718	0.973746	0.973773	0.973801	0.973829	0.973857	0.973884	0.973912	0.973940	0.973968	0.973995	0.974023	0.974051	0.974079	0.974106	0.974134	0.974162	0.974190	0.974217	0.974245	0.974273	0.974301	0.975261	0.974923	0.974585	0.974246	0.973908	0.973570	0.973231	0.972893	0.972555	0.972216	0.971878	0.971540	0.971201	0.970863	0.970525	0.970186	0.969848	0.969510	0.969171	0.968833	0.968495	0.968156	0.967818	0.967480	0.967141	0.966803	0.966465	0.966126	0.965788	0.965450	0.976272	0.976300	0.976327	0.976355	0.976383	0.976411	0.976438	0.976466	0.976494	0.976522	
0.978890	0.978752	0.978615	0.978477	0.978339	0.978202	0.978064	0.977926	0.977789	0.977651	0.977513	
0.978901	0.978763	0.978625	0.978488	0.978350	0.978212	0.978075	0.977937	0.977799	0.977662	0.977524	
0.978774	0.978636	0.978498	0.978361	0.978223	0.978085	0.977947	0.977810	0.977672	0.977534	
0.978646	0.978509	0.978371	0.978233	0.978096	0.977958	0.977820	0.977683	0.977545	
0.978657	0.978519	0.978382	0.978244	0.978106	0.977969	0.977831	0.977693	0.977556	
0.978530	0.978392	0.978255	0.978117	0.977979	0.977842	0.977704	0.977566	
0.978541	0.978403	0.978265	0.978128	0.977990	0.977852	0.977715	0.977577	
0.978413	0.978276	0.978138	0.978000	0.977863	0.977725	0.977587	
0.978286	0.978149	0.978011	0.977873	0.977736	0.977598	
0.978297	0.978159	0.978022	0.977884	0.977746	0.977609	
0.978170	0.978032	0.977895	0.977757	0.977619	
0.978043	0.977905	0.977767	0.977630	
0.978053	0.977916	0.977778	0.977640	
0.977926	0.977789	0.977651	
0.977799	0.977662	
0.977810	






















































































































































































































